Temp	CvTotal	err	CvPhonons	CvRotons		Stotal
K	J/(K.mol)		J/(K.mol)	J/(K.mol)		J/(K.mol)
0.01	8.309E-8		8.309E-8	0	--	2.763E-8
0.02	6.645E-7		6.645E-7	6.55E-182	--	2.214E-7
0.03	2.242E-6		2.242E-6	7.09E-120	--	7.471E-7
0.04	5.312E-6		5.312E-6	6.5E-89	--	1.771E-6
0.05	1.037E-5	1.3E-8	1.037E-5	2.27E-70	--	3.459E-6
0.06	1.791E-5	--	1.791E-5	4.98E-58	--	5.974E-6
0.07	2.841E-5	--	2.841E-5	3.13E-49	--	9.482E-6
0.08	4.238E-5	--	4.238E-5	1.21E-42	--	1.415E-5
0.09	6.028E-5	--	6.028E-5	1.58E-37	--	2.013E-5
0.1	8.26E-5	1.1E-7	8.26E-5	1.92E-33	--	2.76E-5
0.11	1.098E-4	--	1.098E-4	4.17E-30	--	3.67E-5
0.12	1.424E-4	--	1.424E-4	2.48E-27	--	4.762E-5
0.13	1.808E-4	--	1.808E-4	5.49E-25	--	6.049E-5
0.14	2.255E-4	--	2.255E-4	5.57E-23	--	7.55E-5
0.15	2.77E-4	--	2.77E-4	3.03E-21	--	9.276E-5
0.16	3.357E-4	--	3.357E-4	9.95E-20	--	1.124E-4
0.17	4.02E-4	--	4.02E-4	2.15E-18	--	1.347E-4
0.18	4.764E-4	--	4.764E-4	3.29E-17	--	1.598E-4
0.19	5.594E-4	--	5.594E-4	3.77E-16	--	1.877E-4
0.2	6.513E-4	1.1E-6	6.513E-4	3.36E-15	--	2.187E-4
0.21	7.527E-4	--	7.527E-4	2.43E-14	--	2.529E-4
0.22	8.639E-4	--	8.639E-4	1.46E-13	--	2.904E-4
0.23	9.853E-4	--	9.853E-4	7.52E-13	--	3.315E-4
0.24	0.001117	--	0.001117	3.36E-12	--	3.762E-4
0.25	0.001261	--	0.001261	1.33E-11	--	4.247E-4
0.26	0.001415	--	0.001415	4.72E-11	--	4.771E-4
0.27	0.001582	--	0.001582	1.52E-10	--	5.336E-4
0.28	0.001761	--	0.001761	4.51E-10	--	5.943E-4
0.29	0.001953	--	0.001953	1.23E-9	--	6.594E-4
0.3	0.002157	5.7E-6	0.002157	3.17E-9	--	7.29E-4
0.31	0.002376	--	0.002376	7.63E-9	--	8.033E-4
0.32	0.002608	--	0.002608	1.735E-8	--	8.823E-4
0.33	0.002854	--	0.002854	3.752E-8	--	9.663E-4
0.34	0.003116	--	0.003116	7.742E-8	--	0.001055
0.35	0.003392	--	0.003392	1.531E-7	--	0.001149
0.36	0.003684	--	0.003684	2.911E-7	--	0.001249
0.37	0.003992	--	0.003991	5.343E-7	--	0.001354
0.38	0.004316	--	0.004315	9.488E-7	--	0.001465
0.39	0.004657	--	0.004655	1.634E-6	--	0.001582
0.4	0.005016	1.8E-5	0.005013	2.738E-6	--	0.001704
0.41	0.005392	--	0.005388	4.468E-6	--	0.001832
0.42	0.005787	--	0.00578	7.119E-6	--	0.001967
0.43	0.006202	--	0.006191	1.109E-5	--	0.002108
0.44	0.006637	--	0.00662	1.692E-5	--	0.002255
0.45	0.007094	--	0.007069	2.532E-5	--	0.002409
0.46	0.007573	--	0.007536	3.721E-5	--	0.00257
0.47	0.008077	--	0.008023	5.377E-5	--	0.002739
0.48	0.008607	--	0.008531	7.647E-5	--	0.002914
0.49	0.009166	--	0.009059	1.071E-4	--	0.003097
0.5	0.009756	3.7E-5	0.009607	1.48E-4	--	0.003288
0.51	0.01038	--	0.01018	2.018E-4	--	0.003488
0.52	0.01104	--	0.01077	2.717E-4	--	0.003696
0.53	0.01175	--	0.01138	3.617E-4	--	0.003913
0.54	0.0125	--	0.01202	4.761E-4	--	0.004139
0.55	0.0133	--	0.01268	6.203E-4	--	0.004376
0.56	0.01416	--	0.01336	8.003E-4	--	0.004623
0.57	0.01509	--	0.01407	0.001022	--	0.004882
0.58	0.0161	--	0.0148	0.001295	--	0.005153
0.59	0.01719	--	0.01556	0.001627	--	0.005437
0.6	0.01837	9.2E-5	0.01634	0.002028	--	0.005736
0.61	0.01966	--	0.01715	0.002509	--	0.00605
0.62	0.02106	--	0.01798	0.003082	--	0.006381
0.63	0.0226	--	0.01884	0.003759	--	0.00673
0.64	0.02428	--	0.01973	0.004556	--	0.007099
0.65	0.02613	--	0.02064	0.005487	--	0.007489
0.66	0.02816	--	0.02159	0.00657	--	0.007903
0.67	0.03038	--	0.02256	0.007823	--	0.008343
0.68	0.03283	--	0.02356	0.009264	--	0.008811
0.69	0.03551	--	0.0246	0.01091	--	0.00931
0.7	0.03846	3.3E-4	0.02566	0.01279	--	0.009841
0.71	0.04169	--	0.02676	0.01493	--	0.01041
0.72	0.04523	--	0.02788	0.01734	--	0.01101
0.73	0.04911	--	0.02905	0.02006	--	0.01166
0.74	0.05335	--	0.03024	0.02311	--	0.01236
0.75	0.05784	--	0.03147	0.02651	--	0.0131
0.76	0.06304	--	0.03273	0.0303	--	0.0139
0.77	0.06855	--	0.03404	0.03451	--	0.01476
0.78	0.07455	--	0.03537	0.03917	--	0.01569
0.79	0.08106	--	0.03675	0.0443	--	0.01668
0.8	0.08812	9.9E-4	0.03816	0.04994	--	0.01774
0.81	0.09576	--	0.03962	0.05613	--	0.01888
0.82	0.104	--	0.04112	0.0629	--	0.02011
0.83	0.1129	--	0.04265	0.07028	--	0.02142
0.84	0.1225	--	0.04423	0.07831	--	0.02283
0.85	0.1329	--	0.04586	0.08702	--	0.02434
0.86	0.144	--	0.04753	0.09645	--	0.02596
0.87	0.1559	--	0.04925	0.1066	--	0.02769
0.88	0.1687	--	0.05101	0.1176	--	0.02955
0.89	0.1823	--	0.05283	0.1294	--	0.03153
0.9	0.1968	0.0023	0.05469	0.1421	--	0.03364
0.91	0.2124	--	0.05661	0.1557	--	0.0359
0.92	0.2289	--	0.05857	0.1702	--	0.03831
0.93	0.2464	--	0.0606	0.1858	--	0.04088
0.94	0.2651	--	0.06268	0.2023	--	0.04362
0.95	0.2848	--	0.06481	0.22	--	0.04653
0.96	0.3057	--	0.06701	0.2387	--	0.04962
0.97	0.3279	--	0.06927	0.2585	--	0.0529
0.98	0.3512	--	0.07158	0.2796	--	0.05638
0.99	0.3759	--	0.07397	0.3018	--	0.06007
1	0.4018	0.0045	0.07641	0.3253	--	0.06397
1.01	0.4291	--	0.07893	0.3501	--	0.06811
1.02	0.4578	--	0.08151	0.3763	--	0.07248
1.03	0.488	--	0.08416	0.4038	--	0.07709
1.04	0.5196	--	0.08689	0.4327	--	0.08195
1.05	0.5527	--	0.08969	0.463	--	0.08708
1.06	0.5874	--	0.09256	0.4948	--	0.09249
1.07	0.6237	--	0.09552	0.5281	--	0.09817
1.08	0.6616	--	0.09855	0.563	--	0.1041
1.09	0.7012	--	0.1017	0.5995	--	0.1104
1.1	0.7424	0.0083	0.1049	0.6375	--	0.117
1.11	0.7854	--	0.1081	0.6773	--	0.1239
1.12	0.8302	--	0.1115	0.7187	--	0.1311
1.13	0.8768	--	0.115	0.7618	--	0.1387
1.14	0.9252	--	0.1185	0.8067	--	0.1466
1.15	0.9755	--	0.1221	0.8533	--	0.1549
1.16	1.028	--	0.1259	0.9018	--	0.1636
1.17	1.082	--	0.1297	0.9521	--	0.1727
1.18	1.138	--	0.1336	1.0043	--	0.1821
1.19	1.196	--	0.1376	1.0584	--	0.192
1.2	1.256	0.013	0.1418	1.11452	--	0.2022
1.21	1.319	--	0.146	1.17253	--	0.2129
1.22	1.383	--	0.1503	1.23255	--	0.224
1.23	1.447	--	0.1547	1.29459	--	0.2356
1.24	1.518	--	0.1593	1.35868	--	0.2476
1.25	1.589	--	0.1639	1.42486	--	0.26
1.26	1.662	--	0.1687	1.49315	--	0.273
1.27	1.737	--	0.1736	1.56358	--	0.2864
1.28	1.815	--	0.1785	1.63617	--	0.3004
1.29	1.896	--	0.1836	1.71095	--	0.3148
1.3	1.977	0.021	0.1889	1.78794	--	0.3297
