x (µm)	y (µm)	n (1/µm^2)
-23.45	33.768	0.07142405
-22.512	33.768	0
-21.574	33.768	0.013195419
-20.636	33.768	0
-19.698	33.768	0.435478515
-18.76	33.768	0
-17.822	33.768	0
-16.884	33.768	0.041979596
-15.946	33.768	0.220269977
-15.008	33.768	0.3227108
-14.07	33.768	0
-13.132	33.768	0.256414085
-12.194	33.768	0
-11.256	33.768	0
-10.318	33.768	0.285833932
-9.38	33.768	0.297172247
-8.442	33.768	0.234138052
-7.504	33.768	0
-6.566	33.768	0.807181717
-5.628	33.768	0
-4.69	33.768	0.360138662
-3.752	33.768	0
-2.814	33.768	0.334990822
-1.876	33.768	0.006941615
-0.938	33.768	0
0	33.768	0.029751803
0.938	33.768	0.030525632
1.876	33.768	0.133716954
2.814	33.768	0
3.752	33.768	0.16422638
4.69	33.768	0.327059545
5.628	33.768	0.092712093
6.566	33.768	0.075828205
7.504	33.768	0.201512347
8.442	33.768	0.369698835
9.38	33.768	0.523880152
10.318	33.768	0.080658641
11.256	33.768	0.421637706
12.194	33.768	0.100099112
13.132	33.768	0
14.07	33.768	0.326604459
15.008	33.768	0.630148202
15.946	33.768	0.144611801
16.884	33.768	0
17.822	33.768	0
18.76	33.768	0.331972488
19.698	33.768	0.383765216
20.636	33.768	0.45611236
21.574	33.768	0.197835484
22.512	33.768	0.233636702
23.45	33.768	0.165974708
-23.45	32.83	0
-22.512	32.83	0
-21.574	32.83	0.381735697
-20.636	32.83	0.045411877
-19.698	32.83	0.188887546
-18.76	32.83	0
-17.822	32.83	0
-16.884	32.83	0.6270343
-15.946	32.83	0.253462477
-15.008	32.83	0
-14.07	32.83	0.387175184
-13.132	32.83	0.017921835
-12.194	32.83	0.149056977
-11.256	32.83	0
-10.318	32.83	0.285706007
-9.38	32.83	0
-8.442	32.83	0.144482358
-7.504	32.83	0
-6.566	32.83	0.074880891
-5.628	32.83	0
-4.69	32.83	0.210289819
-3.752	32.83	0.120280166
-2.814	32.83	0.117651809
-1.876	32.83	0
-0.938	32.83	0.680807522
0	32.83	0
0.938	32.83	0
1.876	32.83	0.917874866
2.814	32.83	0.003303164
3.752	32.83	0
4.69	32.83	0.01531298
5.628	32.83	0
6.566	32.83	0.014441789
7.504	32.83	0
8.442	32.83	0
9.38	32.83	0.015039123
10.318	32.83	0.540568105
11.256	32.83	0
12.194	32.83	0
13.132	32.83	0.306962678
14.07	32.83	0
15.008	32.83	0.097515945
15.946	32.83	0
16.884	32.83	0.074102051
17.822	32.83	0.096226697
18.76	32.83	0.037649434
19.698	32.83	0
20.636	32.83	0.667633801
21.574	32.83	0.18116384
22.512	32.83	0.946649136
23.45	32.83	0
-23.45	31.892	0
-22.512	31.892	0
-21.574	31.892	0
-20.636	31.892	0
-19.698	31.892	0
-18.76	31.892	0
-17.822	31.892	0.713043086
-16.884	31.892	0
-15.946	31.892	0.23296429
-15.008	31.892	0.3266849
-14.07	31.892	0.212498807
-13.132	31.892	0.212615933
-12.194	31.892	0
-11.256	31.892	0
-10.318	31.892	0.85074668
-9.38	31.892	0.173091739
-8.442	31.892	0
-7.504	31.892	0
-6.566	31.892	0
-5.628	31.892	0.056244574
-4.69	31.892	0
-3.752	31.892	0.184513943
-2.814	31.892	0.380329464
-1.876	31.892	0
-0.938	31.892	0
0	31.892	0.133380407
0.938	31.892	0
1.876	31.892	0.100896202
2.814	31.892	0.436908388
3.752	31.892	0
4.69	31.892	0
5.628	31.892	0.59915142
6.566	31.892	0.275695046
7.504	31.892	0.055872124
8.442	31.892	0
9.38	31.892	0.417964062
10.318	31.892	0.402032313
11.256	31.892	0.127881926
12.194	31.892	0.164386607
13.132	31.892	0
14.07	31.892	0
15.008	31.892	0.12950117
15.946	31.892	0.238345169
16.884	31.892	0.252893167
17.822	31.892	0.146581361
18.76	31.892	0.453422513
19.698	31.892	0.106159486
20.636	31.892	0
21.574	31.892	0.724012683
22.512	31.892	0.946649136
23.45	31.892	0
-23.45	30.954	0
-22.512	30.954	0
-21.574	30.954	0.326310039
-20.636	30.954	0
-19.698	30.954	0.026578378
-18.76	30.954	0.158870026
-17.822	30.954	0
-16.884	30.954	0.084547643
-15.946	30.954	0
-15.008	30.954	0.490092278
-14.07	30.954	0.011573934
-13.132	30.954	0
-12.194	30.954	0.199984053
-11.256	30.954	0.25728095
-10.318	30.954	0
-9.38	30.954	0
-8.442	30.954	0
-7.504	30.954	0.237520299
-6.566	30.954	0
-5.628	30.954	0
-4.69	30.954	0.141643591
-3.752	30.954	0
-2.814	30.954	0
-1.876	30.954	0.218913674
-0.938	30.954	0
0	30.954	0.782487174
0.938	30.954	0.281824417
1.876	30.954	0
2.814	30.954	0.215613592
3.752	30.954	0.470834641
4.69	30.954	0.496336871
5.628	30.954	0
6.566	30.954	0.326776477
7.504	30.954	0.032599889
8.442	30.954	0.262852817
9.38	30.954	0
10.318	30.954	0.025022359
11.256	30.954	0.091413678
12.194	30.954	0.153088255
13.132	30.954	0
14.07	30.954	0.104649908
15.008	30.954	0
15.946	30.954	0.123710996
16.884	30.954	0.395137013
17.822	30.954	0.546723006
18.76	30.954	0.172282433
19.698	30.954	0.172282433
20.636	30.954	0.041521918
21.574	30.954	0.400964291
22.512	30.954	0.320777685
23.45	30.954	0.101496549
-23.45	30.016	0
-22.512	30.016	0.166209142
-21.574	30.016	0
-20.636	30.016	0
-19.698	30.016	0
-18.76	30.016	0.411167606
-17.822	30.016	0
-16.884	30.016	0.035965623
-15.946	30.016	0
-15.008	30.016	0
-14.07	30.016	0.124184852
-13.132	30.016	0
-12.194	30.016	0
-11.256	30.016	0.294600171
-10.318	30.016	0
-9.38	30.016	0
-8.442	30.016	0
-7.504	30.016	0.130170915
-6.566	30.016	0.103852383
-5.628	30.016	0
-4.69	30.016	0
-3.752	30.016	0
-2.814	30.016	0
-1.876	30.016	0.140014592
-0.938	30.016	0.002101079
0	30.016	0
0.938	30.016	0.203684352
1.876	30.016	0.191855327
2.814	30.016	0.204932299
3.752	30.016	0.017186285
4.69	30.016	0
5.628	30.016	0
6.566	30.016	0
7.504	30.016	0.107839659
8.442	30.016	0.135177064
9.38	30.016	0
10.318	30.016	0
11.256	30.016	0
12.194	30.016	0.25611099
13.132	30.016	0.204094858
14.07	30.016	0
15.008	30.016	0.275797417
15.946	30.016	0
16.884	30.016	0.424395833
17.822	30.016	0.176814487
18.76	30.016	0.415287281
19.698	30.016	0.580695676
20.636	30.016	0.295600947
21.574	30.016	0.013122156
22.512	30.016	0.291707573
23.45	30.016	0
-23.45	29.078	0.182520288
-22.512	29.078	0.200990658
-21.574	29.078	0.228715702
-20.636	29.078	0
-19.698	29.078	0
-18.76	29.078	0
-17.822	29.078	0
-16.884	29.078	0.411970198
-15.946	29.078	0.1930828
-15.008	29.078	0
-14.07	29.078	0.406359278
-13.132	29.078	0.038726111
-12.194	29.078	0
-11.256	29.078	0.086915065
-10.318	29.078	0
-9.38	29.078	0.060889931
-8.442	29.078	0
-7.504	29.078	0
-6.566	29.078	0
-5.628	29.078	0
-4.69	29.078	0
-3.752	29.078	0
-2.814	29.078	0.41794294
-1.876	29.078	0.085532479
-0.938	29.078	0.13737599
0	29.078	0.418962898
0.938	29.078	0.197685395
1.876	29.078	0.359923025
2.814	29.078	0
3.752	29.078	0
4.69	29.078	0.078182581
5.628	29.078	0.393487251
6.566	29.078	0.153018268
7.504	29.078	0
8.442	29.078	0
9.38	29.078	0
10.318	29.078	0
11.256	29.078	0.207645879
12.194	29.078	0
13.132	29.078	0.010956496
14.07	29.078	0.658624167
15.008	29.078	0.192921775
15.946	29.078	0
16.884	29.078	0.23524233
17.822	29.078	0
18.76	29.078	0.14668908
19.698	29.078	0.258477988
20.636	29.078	1.032958779
21.574	29.078	0.033325671
22.512	29.078	0.01999521
23.45	29.078	0
-23.45	28.14	0
-22.512	28.14	0
-21.574	28.14	0
-20.636	28.14	0
-19.698	28.14	0.146403433
-18.76	28.14	0
-17.822	28.14	0
-16.884	28.14	0.117891474
-15.946	28.14	0.178451968
-15.008	28.14	0.059859848
-14.07	28.14	0
-13.132	28.14	0
-12.194	28.14	0
-11.256	28.14	0.459005274
-10.318	28.14	0.222717488
-9.38	28.14	0
-8.442	28.14	0
-7.504	28.14	0
-6.566	28.14	0
-5.628	28.14	0
-4.69	28.14	0
-3.752	28.14	0
-2.814	28.14	0
-1.876	28.14	0.085613057
-0.938	28.14	0
0	28.14	0
0.938	28.14	0
1.876	28.14	0
2.814	28.14	0
3.752	28.14	0
4.69	28.14	0
5.628	28.14	0.313721074
6.566	28.14	0.274819784
7.504	28.14	0
8.442	28.14	0
9.38	28.14	0.298950337
10.318	28.14	0
11.256	28.14	0.145349375
12.194	28.14	0
13.132	28.14	0.221455397
14.07	28.14	0.106299165
15.008	28.14	0.153613727
15.946	28.14	0.311471472
16.884	28.14	0.526911915
17.822	28.14	0.815800578
18.76	28.14	0.195870408
19.698	28.14	0
20.636	28.14	0.275921186
21.574	28.14	0.433339693
22.512	28.14	0.421715725
23.45	28.14	0.236933426
-23.45	27.202	0
-22.512	27.202	0
-21.574	27.202	0.143452081
-20.636	27.202	0.276481494
-19.698	27.202	0.012342227
-18.76	27.202	0.000180504
-17.822	27.202	0
-16.884	27.202	0
-15.946	27.202	0
-15.008	27.202	0.128058128
-14.07	27.202	0
-13.132	27.202	0.628029277
-12.194	27.202	0
-11.256	27.202	0.027311486
-10.318	27.202	0
-9.38	27.202	0
-8.442	27.202	0
-7.504	27.202	0
-6.566	27.202	0
-5.628	27.202	0
-4.69	27.202	0
-3.752	27.202	0
-2.814	27.202	0
-1.876	27.202	0
-0.938	27.202	0
0	27.202	0
0.938	27.202	0.283984215
1.876	27.202	0
2.814	27.202	0
3.752	27.202	0
4.69	27.202	0
5.628	27.202	0.254168706
6.566	27.202	0
7.504	27.202	0
8.442	27.202	0.179266221
9.38	27.202	0.298950337
10.318	27.202	0
11.256	27.202	0
12.194	27.202	0
13.132	27.202	0.315004195
14.07	27.202	0.12993459
15.008	27.202	0
15.946	27.202	0.019494313
16.884	27.202	0.70547722
17.822	27.202	0.143553478
18.76	27.202	0.214001713
19.698	27.202	0.124032762
20.636	27.202	0
21.574	27.202	0.337165419
22.512	27.202	0.546709398
23.45	27.202	0.040487364
-23.45	26.264	0.124650585
-22.512	26.264	0.09507475
-21.574	26.264	0.289203542
-20.636	26.264	0.145798537
-19.698	26.264	0.508610229
-18.76	26.264	0.307663658
-17.822	26.264	0
-16.884	26.264	0
-15.946	26.264	0.077287476
-15.008	26.264	0
-14.07	26.264	0.443428534
-13.132	26.264	0
-12.194	26.264	0
-11.256	26.264	0
-10.318	26.264	0
-9.38	26.264	0
-8.442	26.264	0
-7.504	26.264	0
-6.566	26.264	0
-5.628	26.264	0
-4.69	26.264	0
-3.752	26.264	0
-2.814	26.264	2.71034E-05
-1.876	26.264	0
-0.938	26.264	0
0	26.264	0
0.938	26.264	0
1.876	26.264	0.122265632
2.814	26.264	0
3.752	26.264	0
4.69	26.264	0.035530955
5.628	26.264	0
6.566	26.264	0.14737691
7.504	26.264	0.370528753
8.442	26.264	0
9.38	26.264	0
10.318	26.264	0.036913579
11.256	26.264	0
12.194	26.264	0
13.132	26.264	0
14.07	26.264	0.16116752
15.008	26.264	0
15.946	26.264	0.343761254
16.884	26.264	0.175024011
17.822	26.264	0
18.76	26.264	0.591107926
19.698	26.264	0
20.636	26.264	0.541434387
21.574	26.264	0.407023067
22.512	26.264	0.516738169
23.45	26.264	0
-23.45	25.326	0.063390468
-22.512	25.326	0
-21.574	25.326	0.206210985
-20.636	25.326	0.109929909
-19.698	25.326	0
-18.76	25.326	0
-17.822	25.326	0
-16.884	25.326	0.31603882
-15.946	25.326	0.063375274
-15.008	25.326	0.118805515
-14.07	25.326	0
-13.132	25.326	0
-12.194	25.326	0
-11.256	25.326	0
-10.318	25.326	0
-9.38	25.326	0
-8.442	25.326	0
-7.504	25.326	0
-6.566	25.326	0
-5.628	25.326	0
-4.69	25.326	0
-3.752	25.326	0
-2.814	25.326	0.096115761
-1.876	25.326	0
-0.938	25.326	0
0	25.326	0
0.938	25.326	0
1.876	25.326	0.215116709
2.814	25.326	0.349342883
3.752	25.326	0
4.69	25.326	0
5.628	25.326	0.060119157
6.566	25.326	0.075637201
7.504	25.326	0
8.442	25.326	0
9.38	25.326	0
10.318	25.326	0.200204948
11.256	25.326	0
12.194	25.326	0
13.132	25.326	0.236287462
14.07	25.326	0.313406597
15.008	25.326	0.466394308
15.946	25.326	0.348135566
16.884	25.326	0
17.822	25.326	0
18.76	25.326	0.831430454
19.698	25.326	0.760444514
20.636	25.326	0.641553569
21.574	25.326	0
22.512	25.326	0
23.45	25.326	0.251418871
-23.45	24.388	0.215847658
-22.512	24.388	0
-21.574	24.388	0.378569882
-20.636	24.388	0.01369542
-19.698	24.388	0.161110447
-18.76	24.388	0.119794258
-17.822	24.388	0
-16.884	24.388	0
-15.946	24.388	0.353122059
-15.008	24.388	0
-14.07	24.388	0
-13.132	24.388	0
-12.194	24.388	0
-11.256	24.388	0.37085212
-10.318	24.388	0
-9.38	24.388	0
-8.442	24.388	0
-7.504	24.388	0
-6.566	24.388	0.055225038
-5.628	24.388	0
-4.69	24.388	0
-3.752	24.388	0.053772868
-2.814	24.388	0
-1.876	24.388	0
-0.938	24.388	0
0	24.388	0
0.938	24.388	0
1.876	24.388	0
2.814	24.388	0.349342883
3.752	24.388	0.210061682
4.69	24.388	0
5.628	24.388	0
6.566	24.388	0
7.504	24.388	0
8.442	24.388	0.217629442
9.38	24.388	0.253402912
10.318	24.388	0.72888402
11.256	24.388	0.464165381
12.194	24.388	0.10033141
13.132	24.388	0
14.07	24.388	0.162241573
15.008	24.388	0.37816741
15.946	24.388	0.890441114
16.884	24.388	0.148115133
17.822	24.388	0.321710758
18.76	24.388	0.4280441
19.698	24.388	0.734805738
20.636	24.388	0.415100598
21.574	24.388	0.415100598
22.512	24.388	0.21568665
23.45	24.388	0
-23.45	23.45	0
-22.512	23.45	0.110277536
-21.574	23.45	0.489389917
-20.636	23.45	0.569679507
-19.698	23.45	0
-18.76	23.45	0
-17.822	23.45	0
-16.884	23.45	0.188249125
-15.946	23.45	0.033718918
-15.008	23.45	0.268357907
-14.07	23.45	0
-13.132	23.45	0
-12.194	23.45	0.024321818
-11.256	23.45	0
-10.318	23.45	0
-9.38	23.45	0
-8.442	23.45	0
-7.504	23.45	0
-6.566	23.45	0.264289227
-5.628	23.45	0
-4.69	23.45	0
-3.752	23.45	0
-2.814	23.45	0
-1.876	23.45	0
-0.938	23.45	0
0	23.45	0.132302564
0.938	23.45	0
1.876	23.45	0
2.814	23.45	0.135231759
3.752	23.45	0
4.69	23.45	0
5.628	23.45	0
6.566	23.45	0
7.504	23.45	0.292176421
8.442	23.45	0.292176421
9.38	23.45	0.374796672
10.318	23.45	0.554066416
11.256	23.45	0.40718995
12.194	23.45	0.914017185
13.132	23.45	0.443572342
14.07	23.45	0.171708858
15.008	23.45	0.347057775
15.946	23.45	0.846371525
16.884	23.45	0.075477154
17.822	23.45	0
18.76	23.45	0
19.698	23.45	0.055063017
20.636	23.45	0.229768499
21.574	23.45	0.4992181
22.512	23.45	0.260795734
23.45	23.45	0.161169563
-23.45	22.512	0
-22.512	22.512	0.128266831
-21.574	22.512	0
-20.636	22.512	0.671686255
-19.698	22.512	0.220652292
-18.76	22.512	0
-17.822	22.512	0.303951311
-16.884	22.512	0
-15.946	22.512	0.194980221
-15.008	22.512	0
-14.07	22.512	0
-13.132	22.512	0
-12.194	22.512	0
-11.256	22.512	0
-10.318	22.512	0.474159644
-9.38	22.512	0.039745267
-8.442	22.512	0.25097782
-7.504	22.512	0
-6.566	22.512	0
-5.628	22.512	0
-4.69	22.512	0
-3.752	22.512	0.131604909
-2.814	22.512	0.508142317
-1.876	22.512	0
-0.938	22.512	0
0	22.512	0
0.938	22.512	0
1.876	22.512	0
2.814	22.512	0.227131355
3.752	22.512	0
4.69	22.512	0.225713775
5.628	22.512	0.039295863
6.566	22.512	0.048807625
7.504	22.512	0
8.442	22.512	0.829911654
9.38	22.512	0.062333149
10.318	22.512	0.738797511
11.256	22.512	0.953569975
12.194	22.512	1.419986521
13.132	22.512	0.149817114
14.07	22.512	0
15.008	22.512	0
15.946	22.512	0
16.884	22.512	0.276817218
17.822	22.512	0
18.76	22.512	0
19.698	22.512	0
20.636	22.512	0.053710254
21.574	22.512	0.548382826
22.512	22.512	0
23.45	22.512	0.042118078
-23.45	21.574	0.558481181
-22.512	21.574	0.419091047
-21.574	21.574	0.068082416
-20.636	21.574	0.156175509
-19.698	21.574	0
-18.76	21.574	0
-17.822	21.574	0.128000226
-16.884	21.574	0.028716106
-15.946	21.574	0.337963619
-15.008	21.574	0
-14.07	21.574	0
-13.132	21.574	0
-12.194	21.574	0
-11.256	21.574	0.121410801
-10.318	21.574	0.167727331
-9.38	21.574	0.444445387
-8.442	21.574	0
-7.504	21.574	0
-6.566	21.574	0.031132081
-5.628	21.574	0.171864236
-4.69	21.574	0
-3.752	21.574	0.131604909
-2.814	21.574	0.691955335
-1.876	21.574	0.080631292
-0.938	21.574	0.634301731
0	21.574	0.344020159
0.938	21.574	0
1.876	21.574	0.113519292
2.814	21.574	0.341001948
3.752	21.574	0.78492978
4.69	21.574	0.605280361
5.628	21.574	0.475985735
6.566	21.574	0.213314749
7.504	21.574	1.188192967
8.442	21.574	0.523755419
9.38	21.574	0.425775034
10.318	21.574	1.605727348
11.256	21.574	0.605292444
12.194	21.574	1.18153029
13.132	21.574	0.859225686
14.07	21.574	0
15.008	21.574	0
15.946	21.574	0.130899737
16.884	21.574	0.340055753
17.822	21.574	0
18.76	21.574	0.391909774
19.698	21.574	0.043383105
20.636	21.574	0.604328734
21.574	21.574	0
22.512	21.574	0.418894893
23.45	21.574	0.012052749
-23.45	20.636	0.003542801
-22.512	20.636	0
-21.574	20.636	0.178499607
-20.636	20.636	0.121392282
-19.698	20.636	0
-18.76	20.636	0
-17.822	20.636	0.06649976
-16.884	20.636	0.242644196
-15.946	20.636	0
-15.008	20.636	0.401604738
-14.07	20.636	0.285240743
-13.132	20.636	0
-12.194	20.636	0.223263553
-11.256	20.636	0.111275558
-10.318	20.636	0.846795205
-9.38	20.636	0.60886386
-8.442	20.636	0.777456192
-7.504	20.636	0.205023362
-6.566	20.636	0.184251435
-5.628	20.636	0
-4.69	20.636	0.20600207
-3.752	20.636	0.279950928
-2.814	20.636	1.04379627
-1.876	20.636	1.098221515
-0.938	20.636	0.674263399
0	20.636	0.76402166
0.938	20.636	0.395704777
1.876	20.636	1.039903045
2.814	20.636	1.042043743
3.752	20.636	1.314985702
4.69	20.636	1.451282517
5.628	20.636	1.092557973
6.566	20.636	1.401042093
7.504	20.636	0.383224846
8.442	20.636	0.836775719
9.38	20.636	0.879743301
10.318	20.636	1.436368523
11.256	20.636	1.396542861
12.194	20.636	0.877930326
13.132	20.636	0.481809757
14.07	20.636	0
15.008	20.636	0.059324156
15.946	20.636	0.208323833
16.884	20.636	0.422702641
17.822	20.636	0.185052056
18.76	20.636	0
19.698	20.636	0.190796851
20.636	20.636	0.690920239
21.574	20.636	0.095141706
22.512	20.636	0.012839653
23.45	20.636	0.258889516
-23.45	19.698	0
-22.512	19.698	0.596504308
-21.574	19.698	0
-20.636	19.698	0.16378244
-19.698	19.698	0
-18.76	19.698	0
-17.822	19.698	0.300676816
-16.884	19.698	0.34482585
-15.946	19.698	0
-15.008	19.698	0
-14.07	19.698	0
-13.132	19.698	0.041206026
-12.194	19.698	0.295632562
-11.256	19.698	0.866384741
-10.318	19.698	0.846795205
-9.38	19.698	0.293621968
-8.442	19.698	0.835570071
-7.504	19.698	0.947023488
-6.566	19.698	0.109413134
-5.628	19.698	1.042699662
-4.69	19.698	0.616640504
-3.752	19.698	0.753484726
-2.814	19.698	1.052173849
-1.876	19.698	1.035895677
-0.938	19.698	1.813399527
0	19.698	0.908523032
0.938	19.698	0.727044492
1.876	19.698	1.602089571
2.814	19.698	1.523755725
3.752	19.698	2.051469771
4.69	19.698	1.553619776
5.628	19.698	1.591687793
6.566	19.698	1.278495114
7.504	19.698	1.141184974
8.442	19.698	1.188839502
9.38	19.698	1.84996605
10.318	19.698	2.470747152
11.256	19.698	2.367822998
12.194	19.698	1.091624262
13.132	19.698	0.680437347
14.07	19.698	0.116879029
15.008	19.698	0.01032468
15.946	19.698	0
16.884	19.698	0.418342822
17.822	19.698	0.148271717
18.76	19.698	0.135661506
19.698	19.698	0
20.636	19.698	0.013537091
21.574	19.698	0.755189425
22.512	19.698	0.597586114
23.45	19.698	0.42368647
-23.45	18.76	0
-22.512	18.76	0.478554481
-21.574	18.76	0.38720141
-20.636	18.76	0.40838893
-19.698	18.76	0
-18.76	18.76	0.107994868
-17.822	18.76	0
-16.884	18.76	0.112334048
-15.946	18.76	0
-15.008	18.76	0
-14.07	18.76	0.221049811
-13.132	18.76	0.068886433
-12.194	18.76	1.039416086
-11.256	18.76	0.204533152
-10.318	18.76	0.903273116
-9.38	18.76	0.91824451
-8.442	18.76	1.00829262
-7.504	18.76	1.161399546
-6.566	18.76	1.729078867
-5.628	18.76	1.851801528
-4.69	18.76	1.2114341
-3.752	18.76	1.2633952
-2.814	18.76	2.123483288
-1.876	18.76	2.491544766
-0.938	18.76	2.074371021
0	18.76	1.15184482
0.938	18.76	1.626711571
1.876	18.76	1.447043266
2.814	18.76	1.834630689
3.752	18.76	2.529756868
4.69	18.76	2.306989412
5.628	18.76	2.209997503
6.566	18.76	1.745909951
7.504	18.76	1.470051211
8.442	18.76	1.779563184
9.38	18.76	1.96595062
10.318	18.76	2.570584712
11.256	18.76	2.251891202
12.194	18.76	1.26750538
13.132	18.76	0.028749108
14.07	18.76	0
15.008	18.76	0.170261667
15.946	18.76	0.279110792
16.884	18.76	0.418761614
17.822	18.76	0.125116779
18.76	18.76	0.323716275
19.698	18.76	0.245349094
20.636	18.76	0.550852582
21.574	18.76	0.729270861
22.512	18.76	0.007328334
23.45	18.76	0.42368647
-23.45	17.822	0.052719675
-22.512	17.822	0.007436671
-21.574	17.822	0
-20.636	17.822	0.240431703
-19.698	17.822	0.236892257
-18.76	17.822	0.205135694
-17.822	17.822	0.057826543
-16.884	17.822	0.194219733
-15.946	17.822	0
-15.008	17.822	0.339518462
-14.07	17.822	0.322308355
-13.132	17.822	0.174206475
-12.194	17.822	0.78563004
-11.256	17.822	0.895507958
-10.318	17.822	0.990748667
-9.38	17.822	2.204012292
-8.442	17.822	2.147656769
-7.504	17.822	1.854541067
-6.566	17.822	2.515021272
-5.628	17.822	2.531491338
-4.69	17.822	1.908250844
-3.752	17.822	1.760078588
-2.814	17.822	1.98301973
-1.876	17.822	2.501971042
-0.938	17.822	2.341476851
0	17.822	2.508946459
0.938	17.822	1.925015
1.876	17.822	2.574607825
2.814	17.822	2.527781147
3.752	17.822	2.649199258
4.69	17.822	2.638729438
5.628	17.822	2.391331568
6.566	17.822	2.441946686
7.504	17.822	2.544556252
8.442	17.822	2.041516959
9.38	17.822	1.79960307
10.318	17.822	1.674226302
11.256	17.822	1.607736289
12.194	17.822	0.99042593
13.132	17.822	0.673071379
14.07	17.822	0
15.008	17.822	0.510606663
15.946	17.822	0.17496104
16.884	17.822	0.727262938
17.822	17.822	0.154902653
18.76	17.822	0.06194082
19.698	17.822	0
20.636	17.822	0.152241309
21.574	17.822	0.47460533
22.512	17.822	0.3670764
23.45	17.822	0.406727959
-23.45	16.884	0.471892599
-22.512	16.884	0
-21.574	16.884	0
-20.636	16.884	0.119816312
-19.698	16.884	0
-18.76	16.884	0
-17.822	16.884	0.095063036
-16.884	16.884	0.194219733
-15.946	16.884	0.026686942
-15.008	16.884	0
-14.07	16.884	0
-13.132	16.884	0.394736908
-12.194	16.884	0.888758225
-11.256	16.884	1.69704613
-10.318	16.884	1.826437767
-9.38	16.884	1.820405585
-8.442	16.884	2.685068764
-7.504	16.884	2.177822474
-6.566	16.884	2.731343326
-5.628	16.884	2.59796449
-4.69	16.884	2.39215389
-3.752	16.884	1.709503363
-2.814	16.884	2.416322544
-1.876	16.884	2.842324593
-0.938	16.884	3.231681806
0	16.884	2.129111566
0.938	16.884	3.029647752
1.876	16.884	2.988173161
2.814	16.884	3.838900127
3.752	16.884	2.413767905
4.69	16.884	2.577387694
5.628	16.884	2.809337756
6.566	16.884	3.426755468
7.504	16.884	3.14711302
8.442	16.884	3.042210067
9.38	16.884	2.196679635
10.318	16.884	2.200793973
11.256	16.884	2.200793973
12.194	16.884	2.109738151
13.132	16.884	1.129622102
14.07	16.884	0.373637341
15.008	16.884	0.534096087
15.946	16.884	0.056918387
16.884	16.884	1.059292905
17.822	16.884	0.290440084
18.76	16.884	0.052076949
19.698	16.884	0
20.636	16.884	0.067378518
21.574	16.884	0.1848791
22.512	16.884	0.293780442
23.45	16.884	0
-23.45	15.946	0.185391108
-22.512	15.946	0
-21.574	15.946	0.172812061
-20.636	15.946	0.394780139
-19.698	15.946	0
-18.76	15.946	0
-17.822	15.946	0.43103853
-16.884	15.946	0
-15.946	15.946	0.012692972
-15.008	15.946	0.023044748
-14.07	15.946	0.844426553
-13.132	15.946	0.326135307
-12.194	15.946	0.97704288
-11.256	15.946	2.183335856
-10.318	15.946	2.38173903
-9.38	15.946	2.300994684
-8.442	15.946	2.569664055
-7.504	15.946	2.976976106
-6.566	15.946	3.286954764
-5.628	15.946	2.631751199
-4.69	15.946	2.870017878
-3.752	15.946	2.295582702
-2.814	15.946	2.996051473
-1.876	15.946	3.717046452
-0.938	15.946	3.362518153
0	15.946	2.646458615
0.938	15.946	2.913293909
1.876	15.946	2.445334118
2.814	15.946	3.910881983
3.752	15.946	4.204892622
4.69	15.946	3.235359085
5.628	15.946	2.872038034
6.566	15.946	2.323144529
7.504	15.946	3.253959842
8.442	15.946	3.487031452
9.38	15.946	3.561499416
10.318	15.946	3.06964122
11.256	15.946	2.40546882
12.194	15.946	2.582034329
13.132	15.946	0.951174012
14.07	15.946	0.504245803
15.008	15.946	0.366997717
15.946	15.946	0.428314087
16.884	15.946	1.059292905
17.822	15.946	0.491711389
18.76	15.946	0
19.698	15.946	0.211344141
20.636	15.946	0.218435671
21.574	15.946	0.490337016
22.512	15.946	0.589951222
23.45	15.946	0.34685881
-23.45	15.008	0.276437998
-22.512	15.008	0
-21.574	15.008	0
-20.636	15.008	0.117755122
-19.698	15.008	0.073156681
-18.76	15.008	0.198833731
-17.822	15.008	0.439872183
-16.884	15.008	0
-15.946	15.008	0.378299176
-15.008	15.008	0
-14.07	15.008	0
-13.132	15.008	0.227293859
-12.194	15.008	1.038577092
-11.256	15.008	1.940884939
-10.318	15.008	2.278162993
-9.38	15.008	2.944554383
-8.442	15.008	2.89834955
-7.504	15.008	3.154824584
-6.566	15.008	2.96447325
-5.628	15.008	4.280273899
-4.69	15.008	2.963105612
-3.752	15.008	3.355910587
-2.814	15.008	3.112196892
-1.876	15.008	3.863134616
-0.938	15.008	4.340061651
0	15.008	3.967146939
0.938	15.008	3.7135592
1.876	15.008	3.459145107
2.814	15.008	3.947399488
3.752	15.008	3.33225859
4.69	15.008	4.199631516
5.628	15.008	2.415592009
6.566	15.008	3.344815516
7.504	15.008	3.084689813
8.442	15.008	3.010696544
9.38	15.008	3.470453016
10.318	15.008	2.990996372
11.256	15.008	2.311478488
12.194	15.008	2.025532601
13.132	15.008	0.785097149
14.07	15.008	0
15.008	15.008	0.497828407
15.946	15.008	0.058232974
16.884	15.008	0
17.822	15.008	0.2909581
18.76	15.008	0.29461524
19.698	15.008	0.742384634
20.636	15.008	0.22425023
21.574	15.008	0.281301812
22.512	15.008	0
23.45	15.008	0.424426447
-23.45	14.07	0
-22.512	14.07	0
-21.574	14.07	0
-20.636	14.07	0
-19.698	14.07	0
-18.76	14.07	0.136205906
-17.822	14.07	0.299453409
-16.884	14.07	0.556986072
-15.946	14.07	0.612936092
-15.008	14.07	0.1332966
-14.07	14.07	0
-13.132	14.07	0.133716772
-12.194	14.07	0.850407539
-11.256	14.07	1.522930973
-10.318	14.07	2.784518876
-9.38	14.07	3.422538053
-8.442	14.07	2.776851906
-7.504	14.07	2.933928276
-6.566	14.07	3.396949168
-5.628	14.07	3.629473341
-4.69	14.07	4.073135746
-3.752	14.07	2.827146006
-2.814	14.07	3.653522918
-1.876	14.07	3.929750369
-0.938	14.07	4.738153451
0	14.07	4.631565599
0.938	14.07	3.922881583
1.876	14.07	4.135403537
2.814	14.07	4.23695581
3.752	14.07	3.271071626
4.69	14.07	3.470315255
5.628	14.07	4.084034913
6.566	14.07	3.588054708
7.504	14.07	3.401160132
8.442	14.07	3.216829712
9.38	14.07	3.287386381
10.318	14.07	3.088070689
11.256	14.07	2.892295553
12.194	14.07	1.534212165
13.132	14.07	0.352635971
14.07	14.07	0
15.008	14.07	0.20038655
15.946	14.07	0.127072636
16.884	14.07	0.169906879
17.822	14.07	0
18.76	14.07	0
19.698	14.07	0.384975968
20.636	14.07	0.576920196
21.574	14.07	0.834644075
22.512	14.07	0.102529989
23.45	14.07	0.033582587
-23.45	13.132	0.203254695
-22.512	13.132	0.336046806
-21.574	13.132	0
-20.636	13.132	0.145571168
-19.698	13.132	0.24223651
-18.76	13.132	0.79915013
-17.822	13.132	0.215084226
-16.884	13.132	0
-15.946	13.132	0
-15.008	13.132	0.341062256
-14.07	13.132	0.828739471
-13.132	13.132	0.065115573
-12.194	13.132	0.938683507
-11.256	13.132	1.758573868
-10.318	13.132	3.400847857
-9.38	13.132	3.809005424
-8.442	13.132	3.216849319
-7.504	13.132	3.92644058
-6.566	13.132	3.746447724
-5.628	13.132	4.066342377
-4.69	13.132	3.625196552
-3.752	13.132	3.670749587
-2.814	13.132	3.17205189
-1.876	13.132	4.064501277
-0.938	13.132	3.759745465
0	13.132	3.868795467
0.938	13.132	3.993108492
1.876	13.132	3.780966887
2.814	13.132	3.562317409
3.752	13.132	3.314868356
4.69	13.132	3.191073867
5.628	13.132	3.870153513
6.566	13.132	3.79808283
7.504	13.132	3.338961689
8.442	13.132	3.58134936
9.38	13.132	3.180385267
10.318	13.132	3.088070689
11.256	13.132	2.71310225
12.194	13.132	1.543023569
13.132	13.132	0.434082823
14.07	13.132	0.071525871
15.008	13.132	0.621035619
15.946	13.132	0.183635581
16.884	13.132	0.294722111
17.822	13.132	0.517276566
18.76	13.132	0.005647421
19.698	13.132	0
20.636	13.132	0.00076659
21.574	13.132	0.445598538
22.512	13.132	0.290463595
23.45	13.132	0.08995394
-23.45	12.194	0
-22.512	12.194	0.058813495
-21.574	12.194	0
-20.636	12.194	0.169696271
-19.698	12.194	0.084007583
-18.76	12.194	0.512992875
-17.822	12.194	0
-16.884	12.194	0.287039127
-15.946	12.194	0
-15.008	12.194	0
-14.07	12.194	0.614406379
-13.132	12.194	0.497370117
-12.194	12.194	1.104315273
-11.256	12.194	1.344356767
-10.318	12.194	2.901674256
-9.38	12.194	3.218211821
-8.442	12.194	2.994221704
-7.504	12.194	3.342521196
-6.566	12.194	4.118692135
-5.628	12.194	4.296873132
-4.69	12.194	3.378749216
-3.752	12.194	3.560786844
-2.814	12.194	3.65536856
-1.876	12.194	3.33551066
-0.938	12.194	3.875178673
0	12.194	3.872630666
0.938	12.194	3.449421705
1.876	12.194	2.974288269
2.814	12.194	3.562835393
3.752	12.194	4.308605656
4.69	12.194	3.222251964
5.628	12.194	3.216123888
6.566	12.194	3.64129066
7.504	12.194	4.066376711
8.442	12.194	3.632370355
9.38	12.194	3.085355064
10.318	12.194	2.868227961
11.256	12.194	2.208298472
12.194	12.194	1.300342742
13.132	12.194	0.551822114
14.07	12.194	0.034648755
15.008	12.194	0.241255927
15.946	12.194	0.627517659
16.884	12.194	0.293263757
17.822	12.194	0.168574061
18.76	12.194	0.40935486
19.698	12.194	0.630236539
20.636	12.194	0.413603259
21.574	12.194	0.187512898
22.512	12.194	0.310114461
23.45	12.194	0.413718752
-23.45	11.256	0.092324053
-22.512	11.256	0.177713654
-21.574	11.256	0
-20.636	11.256	0.264571362
-19.698	11.256	0.042197629
-18.76	11.256	0.584403495
-17.822	11.256	0.026147855
-16.884	11.256	0.630729588
-15.946	11.256	0.039419051
-15.008	11.256	0.277459726
-14.07	11.256	0.071263416
-13.132	11.256	0.366649767
-12.194	11.256	0.845478173
-11.256	11.256	1.756442625
-10.318	11.256	2.443690726
-9.38	11.256	2.402479286
-8.442	11.256	3.362917218
-7.504	11.256	4.1537536
-6.566	11.256	4.49996953
-5.628	11.256	3.611056711
-4.69	11.256	3.471057025
-3.752	11.256	3.059617309
-2.814	11.256	2.799634535
-1.876	11.256	3.238589425
-0.938	11.256	2.763872806
0	11.256	3.891521078
0.938	11.256	3.413384199
1.876	11.256	2.750157537
2.814	11.256	3.72043902
3.752	11.256	4.308605656
4.69	11.256	4.45144487
5.628	11.256	3.350829703
6.566	11.256	2.858480007
7.504	11.256	3.51321552
8.442	11.256	2.826346304
9.38	11.256	3.673663281
10.318	11.256	3.086940017
11.256	11.256	1.614767589
12.194	11.256	1.212789742
13.132	11.256	0.102067962
14.07	11.256	0.222085499
15.008	11.256	0
15.946	11.256	0.208116027
16.884	11.256	0.516862763
17.822	11.256	0.241564411
18.76	11.256	0.342530189
19.698	11.256	0.590229519
20.636	11.256	0.436669192
21.574	11.256	0.308644715
22.512	11.256	0.522170032
23.45	11.256	0.267015289
-23.45	10.318	0
-22.512	10.318	0.062432735
-21.574	10.318	0
-20.636	10.318	0
-19.698	10.318	0.279316986
-18.76	10.318	0
-17.822	10.318	0.064100846
-16.884	10.318	0.293296088
-15.946	10.318	0
-15.008	10.318	0.348230884
-14.07	10.318	0
-13.132	10.318	0.460369314
-12.194	10.318	1.351805859
-11.256	10.318	1.350779913
-10.318	10.318	2.789632343
-9.38	10.318	3.198066323
-8.442	10.318	3.388997604
-7.504	10.318	3.841305344
-6.566	10.318	3.83458094
-5.628	10.318	3.776474671
-4.69	10.318	3.867564276
-3.752	10.318	3.998839412
-2.814	10.318	3.011973062
-1.876	10.318	3.652554177
-0.938	10.318	4.237481602
0	10.318	3.514686159
0.938	10.318	3.657014817
1.876	10.318	3.550409862
2.814	10.318	3.428962022
3.752	10.318	3.916054813
4.69	10.318	3.911767669
5.628	10.318	4.015636501
6.566	10.318	3.315046075
7.504	10.318	3.461796986
8.442	10.318	3.000662395
9.38	10.318	2.672670607
10.318	10.318	2.463270749
11.256	10.318	2.265738927
12.194	10.318	1.270448781
13.132	10.318	1.270448781
14.07	10.318	0.158533839
15.008	10.318	0
15.946	10.318	0.081024566
16.884	10.318	0.226464485
17.822	10.318	0
18.76	10.318	0.355198219
19.698	10.318	0.046631201
20.636	10.318	0.361441755
21.574	10.318	0
22.512	10.318	0.44614351
23.45	10.318	0.430756822
-23.45	9.38	0.080648402
-22.512	9.38	0.103881978
-21.574	9.38	0.293901734
-20.636	9.38	0
-19.698	9.38	0.221676256
-18.76	9.38	0.095159344
-17.822	9.38	0.092791772
-16.884	9.38	0.189269262
-15.946	9.38	0.551092084
-15.008	9.38	0
-14.07	9.38	0
-13.132	9.38	0.523113303
-12.194	9.38	1.034382889
-11.256	9.38	2.281976579
-10.318	9.38	2.88719432
-9.38	9.38	3.660326346
-8.442	9.38	3.93516914
-7.504	9.38	3.204508627
-6.566	9.38	3.823158485
-5.628	9.38	2.465265802
-4.69	9.38	3.803609994
-3.752	9.38	3.108458478
-2.814	9.38	3.432964562
-1.876	9.38	3.139037233
-0.938	9.38	4.429591024
0	9.38	4.429591024
0.938	9.38	3.743490954
1.876	9.38	3.692988408
2.814	9.38	3.521843072
3.752	9.38	3.782058663
4.69	9.38	2.941033963
5.628	9.38	3.446873847
6.566	9.38	3.588335153
7.504	9.38	3.580678889
8.442	9.38	2.411100663
9.38	9.38	2.86848065
10.318	9.38	2.603974073
11.256	9.38	2.68378206
12.194	9.38	1.79373789
13.132	9.38	0.79181466
14.07	9.38	0.188877335
15.008	9.38	0
15.946	9.38	0.326576638
16.884	9.38	0.699503828
17.822	9.38	0
18.76	9.38	0
19.698	9.38	0.107733911
20.636	9.38	0.091550476
21.574	9.38	0.083833599
22.512	9.38	0.238857018
23.45	9.38	0.050354743
-23.45	8.442	0
-22.512	8.442	0
-21.574	8.442	0.15124094
-20.636	8.442	0.058949416
-19.698	8.442	0.381937732
-18.76	8.442	0
-17.822	8.442	0.584204971
-16.884	8.442	0.03850864
-15.946	8.442	0.470689622
-15.008	8.442	0.282734406
-14.07	8.442	0.30609362
-13.132	8.442	0.30609362
-12.194	8.442	0.831482857
-11.256	8.442	1.611291096
-10.318	8.442	2.637766426
-9.38	8.442	2.747210358
-8.442	8.442	3.437951504
-7.504	8.442	3.597434174
-6.566	8.442	3.873477816
-5.628	8.442	3.327201367
-4.69	8.442	3.60284068
-3.752	8.442	3.555039118
-2.814	8.442	3.293966149
-1.876	8.442	3.524159249
-0.938	8.442	4.309444869
0	8.442	4.087538696
0.938	8.442	3.833111764
1.876	8.442	4.524157929
2.814	8.442	4.005712017
3.752	8.442	2.906498991
4.69	8.442	3.300542988
5.628	8.442	3.02359783
6.566	8.442	3.574948775
7.504	8.442	3.985764587
8.442	8.442	3.690369335
9.38	8.442	3.035418714
10.318	8.442	2.694612601
11.256	8.442	2.285411205
12.194	8.442	1.598799273
13.132	8.442	0.771144135
14.07	8.442	0
15.008	8.442	0.215850294
15.946	8.442	0.240577358
16.884	8.442	0.161828576
17.822	8.442	0.592383425
18.76	8.442	0.099941139
19.698	8.442	0
20.636	8.442	0.745696568
21.574	8.442	0.464529616
22.512	8.442	0.097649856
23.45	8.442	0.340101621
-23.45	7.504	0.269968685
-22.512	7.504	0
-21.574	7.504	0.361676087
-20.636	7.504	0.526893982
-19.698	7.504	0.153511347
-18.76	7.504	0.363713816
-17.822	7.504	0
-16.884	7.504	0
-15.946	7.504	0.304287067
-15.008	7.504	0.188525612
-14.07	7.504	0.131557677
-13.132	7.504	0.25934121
-12.194	7.504	0.997909893
-11.256	7.504	1.757518888
-10.318	7.504	2.398483154
-9.38	7.504	2.690128831
-8.442	7.504	3.360826908
-7.504	7.504	3.152858709
-6.566	7.504	3.257342755
-5.628	7.504	4.049855017
-4.69	7.504	3.719944506
-3.752	7.504	3.096959885
-2.814	7.504	3.312310631
-1.876	7.504	4.649030655
-0.938	7.504	4.516702025
0	7.504	3.845996647
0.938	7.504	4.658653177
1.876	7.504	3.312514535
2.814	7.504	3.590289569
3.752	7.504	2.893484199
4.69	7.504	4.01719775
5.628	7.504	3.75873282
6.566	7.504	3.676529441
7.504	7.504	4.258576361
8.442	7.504	3.755807922
9.38	7.504	3.464173471
10.318	7.504	3.065804876
11.256	7.504	2.964418332
12.194	7.504	1.754877704
13.132	7.504	0.999581598
14.07	7.504	0.169804384
15.008	7.504	0.190738833
15.946	7.504	0.152518409
16.884	7.504	0.179393083
17.822	7.504	0
18.76	7.504	0.141216694
19.698	7.504	0.288487984
20.636	7.504	0.566999556
21.574	7.504	0
22.512	7.504	0
23.45	7.504	0.338002599
-23.45	6.566	0.058793251
-22.512	6.566	0.189340591
-21.574	6.566	0
-20.636	6.566	0.248512426
-19.698	6.566	0.099574106
-18.76	6.566	0
-17.822	6.566	0
-16.884	6.566	0
-15.946	6.566	0.114811727
-15.008	6.566	0
-14.07	6.566	0.200238619
-13.132	6.566	0.106332982
-12.194	6.566	1.068659363
-11.256	6.566	2.063656278
-10.318	6.566	2.33620191
-9.38	6.566	2.904989243
-8.442	6.566	2.951461704
-7.504	6.566	3.525264435
-6.566	6.566	4.317265462
-5.628	6.566	4.729937145
-4.69	6.566	4.630628136
-3.752	6.566	4.176181959
-2.814	6.566	3.207151976
-1.876	6.566	3.787438941
-0.938	6.566	5.032251899
0	6.566	4.681426915
0.938	6.566	3.274292035
1.876	6.566	4.843108329
2.814	6.566	3.98851514
3.752	6.566	4.00152223
4.69	6.566	4.456837753
5.628	6.566	3.883943328
6.566	6.566	3.941902372
7.504	6.566	3.918956538
8.442	6.566	4.196964612
9.38	6.566	3.35352345
10.318	6.566	3.146080491
11.256	6.566	2.280607637
12.194	6.566	1.781839155
13.132	6.566	0.81195026
14.07	6.566	0.191496375
15.008	6.566	0.381666972
15.946	6.566	0.605761706
16.884	6.566	0.180764008
17.822	6.566	0.067878245
18.76	6.566	0.115087209
19.698	6.566	0.199912038
20.636	6.566	0.554829815
21.574	6.566	0.367109904
22.512	6.566	0.485339172
23.45	6.566	0.310785749
-23.45	5.628	0
-22.512	5.628	0
-21.574	5.628	0.165675089
-20.636	5.628	0.251062634
-19.698	5.628	0.511604318
-18.76	5.628	0.480690249
-17.822	5.628	0
-16.884	5.628	0.270690777
-15.946	5.628	0.306215626
-15.008	5.628	0.228864375
-14.07	5.628	0.25162306
-13.132	5.628	0.384075
-12.194	5.628	1.25772349
-11.256	5.628	2.091897637
-10.318	5.628	2.884545602
-9.38	5.628	2.904989243
-8.442	5.628	4.672517432
-7.504	5.628	4.193858835
-6.566	5.628	4.331141728
-5.628	5.628	4.70125827
-4.69	5.628	4.560433312
-3.752	5.628	5.207712306
-2.814	5.628	4.491708746
-1.876	5.628	4.785329784
-0.938	5.628	3.168420871
0	5.628	4.401672382
0.938	5.628	4.304730606
1.876	5.628	4.037066453
2.814	5.628	3.692730923
3.752	5.628	4.557393656
4.69	5.628	4.401202186
5.628	5.628	4.29845348
6.566	5.628	4.908263882
7.504	5.628	3.609374994
8.442	5.628	3.932606088
9.38	5.628	4.582168325
10.318	5.628	3.139145774
11.256	5.628	2.247601978
12.194	5.628	1.45159631
13.132	5.628	0.761667157
14.07	5.628	0
15.008	5.628	0.340606339
15.946	5.628	0
16.884	5.628	0.191416535
17.822	5.628	0
18.76	5.628	0
19.698	5.628	0.525169378
20.636	5.628	0.309186851
21.574	5.628	0.540415569
22.512	5.628	0.62309569
23.45	5.628	0.169391092
-23.45	4.69	0
-22.512	4.69	0.161929348
-21.574	4.69	0.317339167
-20.636	4.69	0.276344422
-19.698	4.69	0.047048216
-18.76	4.69	0
-17.822	4.69	0.194961476
-16.884	4.69	0.280701714
-15.946	4.69	0
-15.008	4.69	0.106999231
-14.07	4.69	0.166042158
-13.132	4.69	0.276189083
-12.194	4.69	1.084244735
-11.256	4.69	2.223746735
-10.318	4.69	3.269789506
-9.38	4.69	4.05465153
-8.442	4.69	3.823156533
-7.504	4.69	3.87926412
-6.566	4.69	3.898562935
-5.628	4.69	4.256042975
-4.69	4.69	3.895445953
-3.752	4.69	5.407039669
-2.814	4.69	4.526740418
-1.876	4.69	4.316496063
-0.938	4.69	4.558924943
0	4.69	4.758016127
0.938	4.69	4.436943544
1.876	4.69	4.055358754
2.814	4.69	3.579996067
3.752	4.69	4.145955245
4.69	4.69	3.457805862
5.628	4.69	4.078108747
6.566	4.69	4.305808249
7.504	4.69	3.606834775
8.442	4.69	3.518243883
9.38	4.69	3.620823678
10.318	4.69	3.761887743
11.256	4.69	2.280081272
12.194	4.69	1.015023453
13.132	4.69	0.167999759
14.07	4.69	0
15.008	4.69	0.406905914
15.946	4.69	0
16.884	4.69	0.202578603
17.822	4.69	0
18.76	4.69	0.391311024
19.698	4.69	0
20.636	4.69	0.441177194
21.574	4.69	0.591219461
22.512	4.69	0.306125868
23.45	4.69	0.307584068
-23.45	3.752	0.202264675
-22.512	3.752	0.052166588
-21.574	3.752	0.445256268
-20.636	3.752	0.334641692
-19.698	3.752	0.260993387
-18.76	3.752	0.258520693
-17.822	3.752	0
-16.884	3.752	0.180538055
-15.946	3.752	0
-15.008	3.752	0.048468028
-14.07	3.752	1.175270403
-13.132	3.752	0.800172686
-12.194	3.752	1.879667778
-11.256	3.752	2.405997328
-10.318	3.752	3.443140462
-9.38	3.752	4.247076453
-8.442	3.752	3.939690343
-7.504	3.752	3.645370782
-6.566	3.752	3.979077574
-5.628	3.752	4.782679305
-4.69	3.752	3.48793908
-3.752	3.752	4.180588361
-2.814	3.752	3.772592703
-1.876	3.752	4.729429814
-0.938	3.752	4.725458976
0	3.752	4.321532618
0.938	3.752	4.248226838
1.876	3.752	4.063602689
2.814	3.752	4.603423254
3.752	3.752	4.199755017
4.69	3.752	4.64721417
5.628	3.752	4.085636651
6.566	3.752	4.957820688
7.504	3.752	2.964897397
8.442	3.752	3.676048168
9.38	3.752	3.845112956
10.318	3.752	2.895584015
11.256	3.752	2.120850061
12.194	3.752	0.95175177
13.132	3.752	0.074995563
14.07	3.752	0.172636417
15.008	3.752	0.349848938
15.946	3.752	0.349848938
16.884	3.752	0.282191989
17.822	3.752	0
18.76	3.752	0.07293483
19.698	3.752	0
20.636	3.752	0
21.574	3.752	0.128588567
22.512	3.752	0.190694528
23.45	3.752	0.20265551
-23.45	2.814	0.452988927
-22.512	2.814	0.066355538
-21.574	2.814	0.155251885
-20.636	2.814	0.135810316
-19.698	2.814	0
-18.76	2.814	0.50528983
-17.822	2.814	0.314323764
-16.884	2.814	0
-15.946	2.814	0.123350135
-15.008	2.814	0.317214069
-14.07	2.814	0.278718207
-13.132	2.814	0.446151498
-12.194	2.814	1.665544543
-11.256	2.814	2.426582613
-10.318	2.814	3.264747858
-9.38	2.814	3.474899269
-8.442	2.814	3.315870922
-7.504	2.814	4.237008945
-6.566	2.814	3.987435121
-5.628	2.814	4.549436703
-4.69	2.814	3.402514443
-3.752	2.814	5.407928029
-2.814	2.814	4.754556991
-1.876	2.814	4.506176672
-0.938	2.814	5.084046707
0	2.814	4.228017044
0.938	2.814	4.590348472
1.876	2.814	4.185015559
2.814	2.814	4.185015559
3.752	2.814	4.097944367
4.69	2.814	4.61734718
5.628	2.814	4.565352732
6.566	2.814	4.008594729
7.504	2.814	4.485889126
8.442	2.814	3.32925329
9.38	2.814	3.312126885
10.318	2.814	3.443771676
11.256	2.814	2.914566141
12.194	2.814	2.345078544
13.132	2.814	0.602334424
14.07	2.814	0.141155455
15.008	2.814	0
15.946	2.814	0.620225996
16.884	2.814	0.370175029
17.822	2.814	0
18.76	2.814	0.021715577
19.698	2.814	0
20.636	2.814	0
21.574	2.814	0.218794397
22.512	2.814	0.130259156
23.45	2.814	0
-23.45	1.876	0.170707735
-22.512	1.876	0.357006237
-21.574	1.876	0.03918675
-20.636	1.876	0.083685473
-19.698	1.876	0
-18.76	1.876	0.021093188
-17.822	1.876	0.239812171
-16.884	1.876	0.162917466
-15.946	1.876	0
-15.008	1.876	0.120918898
-14.07	1.876	0.414458826
-13.132	1.876	0.285236201
-12.194	1.876	1.744126632
-11.256	1.876	1.744126632
-10.318	1.876	2.475507548
-9.38	1.876	3.507027858
-8.442	1.876	3.062142154
-7.504	1.876	3.717996244
-6.566	1.876	4.053503776
-5.628	1.876	4.579565846
-4.69	1.876	4.355966179
-3.752	1.876	5.014725346
-2.814	1.876	5.554262452
-1.876	1.876	4.32378471
-0.938	1.876	4.771633931
0	1.876	5.944674094
0.938	1.876	5.806694798
1.876	1.876	4.792275513
2.814	1.876	4.614190007
3.752	1.876	4.561457396
4.69	1.876	5.192534312
5.628	1.876	4.895426214
6.566	1.876	3.837069
7.504	1.876	5.004795557
8.442	1.876	3.734092092
9.38	1.876	4.058667439
10.318	1.876	3.587310688
11.256	1.876	3.744226868
12.194	1.876	1.590909439
13.132	1.876	0.84733164
14.07	1.876	0
15.008	1.876	0
15.946	1.876	0.214283267
16.884	1.876	0.256731286
17.822	1.876	0
18.76	1.876	0.392727765
19.698	1.876	0
20.636	1.876	0.626125195
21.574	1.876	0
22.512	1.876	0
23.45	1.876	0.081224638
-23.45	0.938	0
-22.512	0.938	0
-21.574	0.938	0.290865193
-20.636	0.938	0
-19.698	0.938	0.153091021
-18.76	0.938	0
-17.822	0.938	0.260513575
-16.884	0.938	0.351508078
-15.946	0.938	0.575189896
-15.008	0.938	0.146729917
-14.07	0.938	0.268867388
-13.132	0.938	0.383261185
-12.194	0.938	0.745529327
-11.256	0.938	1.816115714
-10.318	0.938	2.4461119
-9.38	0.938	3.143881152
-8.442	0.938	3.245516735
-7.504	0.938	3.948214638
-6.566	0.938	3.917827797
-5.628	0.938	5.28156149
-4.69	0.938	4.609347234
-3.752	0.938	4.314347992
-2.814	0.938	4.31866841
-1.876	0.938	4.19675691
-0.938	0.938	3.995891893
0	0.938	4.370561892
0.938	0.938	4.425443678
1.876	0.938	3.844835482
2.814	0.938	4.770300119
3.752	0.938	4.774656102
4.69	0.938	4.567856537
5.628	0.938	4.375864208
6.566	0.938	5.025251166
7.504	0.938	3.937739152
8.442	0.938	3.608331261
9.38	0.938	3.450225396
10.318	0.938	3.671614562
11.256	0.938	2.984993452
12.194	0.938	2.203648961
13.132	0.938	1.054009568
14.07	0.938	0
15.008	0.938	0
15.946	0.938	0.299762565
16.884	0.938	0.659209851
17.822	0.938	0
18.76	0.938	0
19.698	0.938	0
20.636	0.938	0.288133589
21.574	0.938	0.276860304
22.512	0.938	0
23.45	0.938	0.47417574
-23.45	0	0.116356301
-22.512	0	0
-21.574	0	0
-20.636	0	0
-19.698	0	0
-18.76	0	0.165063257
-17.822	0	0.0951839
-16.884	0	0
-15.946	0	0.272197907
-15.008	0	0.357113115
-14.07	0	0.386450241
-13.132	0	0.294231323
-12.194	0	1.035046819
-11.256	0	1.721050486
-10.318	0	3.112095099
-9.38	0	3.724272563
-8.442	0	4.12203214
-7.504	0	3.29334372
-6.566	0	4.697122
-5.628	0	3.991006383
-4.69	0	4.953386955
-3.752	0	4.292989764
-2.814	0	4.349733064
-1.876	0	3.909306643
-0.938	0	3.65725766
0	0	3.466872459
0.938	0	4.572048531
1.876	0	4.38521473
2.814	0	5.020773507
3.752	0	4.313678454
4.69	0	3.986014476
5.628	0	4.667853969
6.566	0	4.696668229
7.504	0	4.148837278
8.442	0	4.277239251
9.38	0	3.703170123
10.318	0	3.285946341
11.256	0	2.984993452
12.194	0	1.899890719
13.132	0	0.662047741
14.07	0	0
15.008	0	0
15.946	0	0.073606662
16.884	0	0.109920664
17.822	0	0
18.76	0	0.027501523
19.698	0	0.038355097
20.636	0	0.145669295
21.574	0	0.183017859
22.512	0	0.153571128
23.45	0	0.202510043
-23.45	-0.938	0
-22.512	-0.938	0
-21.574	-0.938	0
-20.636	-0.938	0
-19.698	-0.938	0.469240929
-18.76	-0.938	0.123791192
-17.822	-0.938	0.01485039
-16.884	-0.938	0.245861723
-15.946	-0.938	0
-15.008	-0.938	0.141514442
-14.07	-0.938	0.695129394
-13.132	-0.938	0.386084823
-12.194	-0.938	0.882021644
-11.256	-0.938	1.756048397
-10.318	-0.938	3.29874263
-9.38	-0.938	3.411972593
-8.442	-0.938	3.320419372
-7.504	-0.938	4.223325146
-6.566	-0.938	3.657428567
-5.628	-0.938	3.803832169
-4.69	-0.938	3.957576746
-3.752	-0.938	3.92707485
-2.814	-0.938	3.573847705
-1.876	-0.938	4.69813768
-0.938	-0.938	4.038324976
0	-0.938	4.115698781
0.938	-0.938	4.649460108
1.876	-0.938	5.40058162
2.814	-0.938	5.731860575
3.752	-0.938	5.557249652
4.69	-0.938	3.734531434
5.628	-0.938	4.20998524
6.566	-0.938	3.399335753
7.504	-0.938	4.853673109
8.442	-0.938	3.887337572
9.38	-0.938	3.306103849
10.318	-0.938	2.771074535
11.256	-0.938	2.488439179
12.194	-0.938	1.199566465
13.132	-0.938	0.416232706
14.07	-0.938	0.240811361
15.008	-0.938	0
15.946	-0.938	0
16.884	-0.938	0.058206467
17.822	-0.938	0
18.76	-0.938	0
19.698	-0.938	0.769916816
20.636	-0.938	0.267670698
21.574	-0.938	0
22.512	-0.938	0.246056169
23.45	-0.938	0.171953998
-23.45	-1.876	0.226469996
-22.512	-1.876	0.206844854
-21.574	-1.876	0.399444477
-20.636	-1.876	0.139012387
-19.698	-1.876	0
-18.76	-1.876	0.367296182
-17.822	-1.876	0.495044101
-16.884	-1.876	0
-15.946	-1.876	0
-15.008	-1.876	0.390477253
-14.07	-1.876	0.004141081
-13.132	-1.876	0.604664898
-12.194	-1.876	1.84226637
-11.256	-1.876	2.56124637
-10.318	-1.876	3.000008093
-9.38	-1.876	3.507322181
-8.442	-1.876	3.362947011
-7.504	-1.876	4.106066032
-6.566	-1.876	3.274999599
-5.628	-1.876	4.286482399
-4.69	-1.876	3.946610142
-3.752	-1.876	4.168508973
-2.814	-1.876	4.426507995
-1.876	-1.876	4.133410543
-0.938	-1.876	4.456339292
0	-1.876	4.312922509
0.938	-1.876	4.501050907
1.876	-1.876	4.887779753
2.814	-1.876	4.974581873
3.752	-1.876	4.793681559
4.69	-1.876	3.843265574
5.628	-1.876	4.118884856
6.566	-1.876	4.529512361
7.504	-1.876	3.981184605
8.442	-1.876	4.619813086
9.38	-1.876	3.105566599
10.318	-1.876	2.903176513
11.256	-1.876	2.23539111
12.194	-1.876	1.071065778
13.132	-1.876	0.111975748
14.07	-1.876	0
15.008	-1.876	0
15.946	-1.876	0
16.884	-1.876	0
17.822	-1.876	0
18.76	-1.876	0
19.698	-1.876	0.361945869
20.636	-1.876	0.025876274
21.574	-1.876	0.16423766
22.512	-1.876	0
23.45	-1.876	0
-23.45	-2.814	0.061647484
-22.512	-2.814	0
-21.574	-2.814	0
-20.636	-2.814	0.136843153
-19.698	-2.814	0.194546864
-18.76	-2.814	0.21026592
-17.822	-2.814	0.453143142
-16.884	-2.814	0.249814368
-15.946	-2.814	0.745540064
-15.008	-2.814	0
-14.07	-2.814	0.172247316
-13.132	-2.814	0.70537166
-12.194	-2.814	1.594021944
-11.256	-2.814	3.17890824
-10.318	-2.814	3.781859448
-9.38	-2.814	4.410091128
-8.442	-2.814	3.725227851
-7.504	-2.814	3.874643692
-6.566	-2.814	4.173092181
-5.628	-2.814	4.009678016
-4.69	-2.814	3.717030473
-3.752	-2.814	4.143614623
-2.814	-2.814	4.23577143
-1.876	-2.814	4.087813369
-0.938	-2.814	4.537140063
0	-2.814	4.519964492
0.938	-2.814	4.569393723
1.876	-2.814	5.098596755
2.814	-2.814	4.698839981
3.752	-2.814	4.596743073
4.69	-2.814	3.843265574
5.628	-2.814	4.571119174
6.566	-2.814	6.195759895
7.504	-2.814	4.06273173
8.442	-2.814	4.235871716
9.38	-2.814	3.4051221
10.318	-2.814	2.02311983
11.256	-2.814	1.641897761
12.194	-2.814	0.56298679
13.132	-2.814	0
14.07	-2.814	0
15.008	-2.814	0.042792469
15.946	-2.814	0
16.884	-2.814	0
17.822	-2.814	0
18.76	-2.814	0
19.698	-2.814	0.136732036
20.636	-2.814	0
21.574	-2.814	0
22.512	-2.814	0
23.45	-2.814	0
-23.45	-3.752	0
-22.512	-3.752	0.455883404
-21.574	-3.752	0.373735491
-20.636	-3.752	0.431317766
-19.698	-3.752	0.153705526
-18.76	-3.752	0
-17.822	-3.752	0.039242635
-16.884	-3.752	0.109140001
-15.946	-3.752	0
-15.008	-3.752	0.2795231
-14.07	-3.752	0.324574405
-13.132	-3.752	0.413017942
-12.194	-3.752	2.150086134
-11.256	-3.752	2.855830801
-10.318	-3.752	3.973453603
-9.38	-3.752	3.916272659
-8.442	-3.752	4.053217983
-7.504	-3.752	4.169617597
-6.566	-3.752	3.721044855
-5.628	-3.752	4.485883439
-4.69	-3.752	4.303879084
-3.752	-3.752	4.482400452
-2.814	-3.752	3.418462854
-1.876	-3.752	3.835564196
-0.938	-3.752	3.73536912
0	-3.752	4.984318941
0.938	-3.752	4.511074617
1.876	-3.752	5.264262078
2.814	-3.752	4.66031866
3.752	-3.752	4.594477399
4.69	-3.752	4.594477399
5.628	-3.752	3.943085606
6.566	-3.752	4.105684579
7.504	-3.752	4.846248016
8.442	-3.752	4.121873456
9.38	-3.752	3.765230762
10.318	-3.752	2.634453455
11.256	-3.752	2.809657862
12.194	-3.752	2.014991226
13.132	-3.752	0.663286385
14.07	-3.752	0.364852565
15.008	-3.752	0
15.946	-3.752	0
16.884	-3.752	0.110261382
17.822	-3.752	0
18.76	-3.752	0
19.698	-3.752	0
20.636	-3.752	0.07432988
21.574	-3.752	0
22.512	-3.752	0.381924533
23.45	-3.752	0
-23.45	-4.69	0
-22.512	-4.69	0.033411128
-21.574	-4.69	0
-20.636	-4.69	0
-19.698	-4.69	0
-18.76	-4.69	0.349313505
-17.822	-4.69	0.114717935
-16.884	-4.69	0
-15.946	-4.69	0.045080482
-15.008	-4.69	0.065824387
-14.07	-4.69	0.278810619
-13.132	-4.69	0.846092363
-12.194	-4.69	2.115844339
-11.256	-4.69	3.569508741
-10.318	-4.69	3.711148339
-9.38	-4.69	4.049302445
-8.442	-4.69	3.388849869
-7.504	-4.69	3.522606954
-6.566	-4.69	3.481453742
-5.628	-4.69	4.240452293
-4.69	-4.69	3.681779682
-3.752	-4.69	4.155814244
-2.814	-4.69	5.251880728
-1.876	-4.69	3.82272483
-0.938	-4.69	4.127517161
0	-4.69	4.575521544
0.938	-4.69	4.021696417
1.876	-4.69	4.374553313
2.814	-4.69	4.345560253
3.752	-4.69	4.471156416
4.69	-4.69	4.257416809
5.628	-4.69	4.464891301
6.566	-4.69	4.301256192
7.504	-4.69	3.912294607
8.442	-4.69	4.126035402
9.38	-4.69	3.331984638
10.318	-4.69	3.424520012
11.256	-4.69	2.12976939
12.194	-4.69	2.124107987
13.132	-4.69	0.641860322
14.07	-4.69	0.339094025
15.008	-4.69	0.150830556
15.946	-4.69	0.077469503
16.884	-4.69	0
17.822	-4.69	0
18.76	-4.69	0
19.698	-4.69	0
20.636	-4.69	0.246550678
21.574	-4.69	0
22.512	-4.69	0
23.45	-4.69	0
-23.45	-5.628	0
-22.512	-5.628	0.047144667
-21.574	-5.628	0
-20.636	-5.628	0
-19.698	-5.628	0
-18.76	-5.628	0.175488989
-17.822	-5.628	0.381435504
-16.884	-5.628	0.131208618
-15.946	-5.628	0.256755618
-15.008	-5.628	0.244048358
-14.07	-5.628	0.153462217
-13.132	-5.628	0.568476755
-12.194	-5.628	1.264859033
-11.256	-5.628	2.323349027
-10.318	-5.628	2.805475672
-9.38	-5.628	3.607145778
-8.442	-5.628	4.018973366
-7.504	-5.628	4.017131077
-6.566	-5.628	4.300166538
-5.628	-5.628	3.328894606
-4.69	-5.628	4.39694615
-3.752	-5.628	3.958246284
-2.814	-5.628	4.738345323
-1.876	-5.628	4.443977422
-0.938	-5.628	3.643694816
0	-5.628	3.457359475
0.938	-5.628	3.817742769
1.876	-5.628	4.028072344
2.814	-5.628	4.673586672
3.752	-5.628	4.770394633
4.69	-5.628	4.276454022
5.628	-5.628	3.730748522
6.566	-5.628	3.71524289
7.504	-5.628	4.369262796
8.442	-5.628	4.107401202
9.38	-5.628	3.318585359
10.318	-5.628	3.357560409
11.256	-5.628	3.238549828
12.194	-5.628	2.033922233
13.132	-5.628	0.710752415
14.07	-5.628	0.251943552
15.008	-5.628	0
15.946	-5.628	0
16.884	-5.628	0.153534425
17.822	-5.628	0.005926224
18.76	-5.628	0
19.698	-5.628	0
20.636	-5.628	0
21.574	-5.628	0.083810015
22.512	-5.628	0.299068631
23.45	-5.628	0
-23.45	-6.566	0
-22.512	-6.566	0.085773102
-21.574	-6.566	0.598829481
-20.636	-6.566	0
-19.698	-6.566	0
-18.76	-6.566	0.224391033
-17.822	-6.566	0
-16.884	-6.566	0.239095266
-15.946	-6.566	0.127812738
-15.008	-6.566	0
-14.07	-6.566	0.133074359
-13.132	-6.566	0.658452186
-12.194	-6.566	0.674473038
-11.256	-6.566	2.336510068
-10.318	-6.566	2.749623957
-9.38	-6.566	3.21361987
-8.442	-6.566	2.870193623
-7.504	-6.566	3.574585953
-6.566	-6.566	4.426009704
-5.628	-6.566	4.679937856
-4.69	-6.566	4.983085033
-3.752	-6.566	4.180201645
-2.814	-6.566	4.378346241
-1.876	-6.566	4.204875179
-0.938	-6.566	3.722298752
0	-6.566	4.162357003
0.938	-6.566	4.32505274
1.876	-6.566	4.079464352
2.814	-6.566	4.074131862
3.752	-6.566	4.300727895
4.69	-6.566	4.330571374
5.628	-6.566	4.265351991
6.566	-6.566	3.941996504
7.504	-6.566	3.533850481
8.442	-6.566	3.081240821
9.38	-6.566	3.567399842
10.318	-6.566	2.710559527
11.256	-6.566	1.953747307
12.194	-6.566	1.18620557
13.132	-6.566	0.517235208
14.07	-6.566	0.285496394
15.008	-6.566	0
15.946	-6.566	0
16.884	-6.566	0
17.822	-6.566	0
18.76	-6.566	0
19.698	-6.566	0
20.636	-6.566	0.079740534
21.574	-6.566	0
22.512	-6.566	0
23.45	-6.566	0
-23.45	-7.504	0
-22.512	-7.504	0.132731405
-21.574	-7.504	0.108732613
-20.636	-7.504	0.024052983
-19.698	-7.504	0
-18.76	-7.504	0
-17.822	-7.504	0
-16.884	-7.504	0.430722608
-15.946	-7.504	0
-15.008	-7.504	0.292523052
-14.07	-7.504	0.370766731
-13.132	-7.504	0.405710614
-12.194	-7.504	1.416408999
-11.256	-7.504	1.915626388
-10.318	-7.504	3.180525214
-9.38	-7.504	2.957535541
-8.442	-7.504	2.870193623
-7.504	-7.504	4.353012762
-6.566	-7.504	3.886317945
-5.628	-7.504	4.094154113
-4.69	-7.504	4.53592084
-3.752	-7.504	3.974410376
-2.814	-7.504	4.331644518
-1.876	-7.504	4.5008859
-0.938	-7.504	4.550454844
0	-7.504	4.103427776
0.938	-7.504	4.431634777
1.876	-7.504	3.799247518
2.814	-7.504	3.87522941
3.752	-7.504	4.798554719
4.69	-7.504	3.565546137
5.628	-7.504	4.508428891
6.566	-7.504	3.673351939
7.504	-7.504	3.126266197
8.442	-7.504	3.582700997
9.38	-7.504	3.420743806
10.318	-7.504	3.267860893
11.256	-7.504	2.427435259
12.194	-7.504	1.457017288
13.132	-7.504	0.665371678
14.07	-7.504	0.294197169
15.008	-7.504	0.046063178
15.946	-7.504	0.036319603
16.884	-7.504	0.173900046
17.822	-7.504	0.048896804
18.76	-7.504	0.030372533
19.698	-7.504	0
20.636	-7.504	0
21.574	-7.504	0.102224023
22.512	-7.504	0
23.45	-7.504	0
-23.45	-8.442	0.137756576
-22.512	-8.442	0.358781906
-21.574	-8.442	0
-20.636	-8.442	0.151862642
-19.698	-8.442	0.094192777
-18.76	-8.442	0.014339026
-17.822	-8.442	0
-16.884	-8.442	0
-15.946	-8.442	0.086419779
-15.008	-8.442	0.316438655
-14.07	-8.442	0.441126393
-13.132	-8.442	1.169295722
-12.194	-8.442	1.353263286
-11.256	-8.442	2.436591511
-10.318	-8.442	3.015151307
-9.38	-8.442	2.895245936
-8.442	-8.442	3.681894823
-7.504	-8.442	4.13084104
-6.566	-8.442	4.572963373
-5.628	-8.442	4.286614474
-4.69	-8.442	4.388867563
-3.752	-8.442	4.044990812
-2.814	-8.442	4.618978965
-1.876	-8.442	3.96091654
-0.938	-8.442	3.320307796
0	-8.442	3.964449733
0.938	-8.442	4.317705186
1.876	-8.442	4.41758943
2.814	-8.442	3.793387919
3.752	-8.442	3.598796421
4.69	-8.442	3.595958908
5.628	-8.442	4.757955946
6.566	-8.442	4.220231251
7.504	-8.442	4.355731527
8.442	-8.442	3.372025024
9.38	-8.442	3.335590405
10.318	-8.442	2.757276656
11.256	-8.442	2.226711802
12.194	-8.442	1.525881186
13.132	-8.442	0.400045648
14.07	-8.442	0
15.008	-8.442	0
15.946	-8.442	0.182365089
16.884	-8.442	0.177489416
17.822	-8.442	0
18.76	-8.442	0.089336319
19.698	-8.442	0
20.636	-8.442	0
21.574	-8.442	0
22.512	-8.442	0.109291333
23.45	-8.442	0
-23.45	-9.38	0.110852925
-22.512	-9.38	0
-21.574	-9.38	0
-20.636	-9.38	0.465517692
-19.698	-9.38	0.015459733
-18.76	-9.38	0.25038607
-17.822	-9.38	0.120366797
-16.884	-9.38	0.389123784
-15.946	-9.38	0.06342173
-15.008	-9.38	0.018397203
-14.07	-9.38	0.380010618
-13.132	-9.38	0.868543873
-12.194	-9.38	1.389532487
-11.256	-9.38	2.182966785
-10.318	-9.38	3.075791492
-9.38	-9.38	3.252908088
-8.442	-9.38	3.631334219
-7.504	-9.38	3.672921595
-6.566	-9.38	4.840771314
-5.628	-9.38	3.223986794
-4.69	-9.38	4.316262896
-3.752	-9.38	4.850385432
-2.814	-9.38	5.200549791
-1.876	-9.38	4.225819869
-0.938	-9.38	4.384363972
0	-9.38	3.618115395
0.938	-9.38	4.384375007
1.876	-9.38	3.717727257
2.814	-9.38	4.207559525
3.752	-9.38	4.100561149
4.69	-9.38	4.198927474
5.628	-9.38	4.054126884
6.566	-9.38	4.499335345
7.504	-9.38	3.498001876
8.442	-9.38	3.38207441
9.38	-9.38	3.328051191
10.318	-9.38	3.066441395
11.256	-9.38	3.046928723
12.194	-9.38	1.250778444
13.132	-9.38	0.517095578
14.07	-9.38	0
15.008	-9.38	0
15.946	-9.38	0
16.884	-9.38	0.002139628
17.822	-9.38	0
18.76	-9.38	0
19.698	-9.38	0.056000477
20.636	-9.38	0.056000477
21.574	-9.38	0
22.512	-9.38	0.182962032
23.45	-9.38	0.06195308
-23.45	-10.318	0.153713038
-22.512	-10.318	0
-21.574	-10.318	0.204668337
-20.636	-10.318	0.135685774
-19.698	-10.318	0.195462075
-18.76	-10.318	0.293611801
-17.822	-10.318	0.356679352
-16.884	-10.318	0.344692685
-15.946	-10.318	0.055953948
-15.008	-10.318	0.018397203
-14.07	-10.318	0.257721686
-13.132	-10.318	1.102567519
-12.194	-10.318	1.921446347
-11.256	-10.318	1.814864479
-10.318	-10.318	3.012359863
-9.38	-10.318	3.319132456
-8.442	-10.318	3.46518949
-7.504	-10.318	4.253126481
-6.566	-10.318	4.334807717
-5.628	-10.318	4.754717415
-4.69	-10.318	5.046592885
-3.752	-10.318	4.464928309
-2.814	-10.318	5.126403779
-1.876	-10.318	4.495461017
-0.938	-10.318	3.891933682
0	-10.318	3.815469966
0.938	-10.318	3.722745181
1.876	-10.318	4.32623173
2.814	-10.318	4.336004151
3.752	-10.318	3.996496625
4.69	-10.318	3.572617489
5.628	-10.318	4.147216442
6.566	-10.318	4.485094602
7.504	-10.318	4.485094602
8.442	-10.318	4.444847957
9.38	-10.318	3.385893311
10.318	-10.318	3.437426221
11.256	-10.318	2.952978519
12.194	-10.318	2.782766528
13.132	-10.318	0.945338276
14.07	-10.318	0.496947282
15.008	-10.318	0
15.946	-10.318	0
16.884	-10.318	0
17.822	-10.318	0.056857157
18.76	-10.318	0
19.698	-10.318	0.214754773
20.636	-10.318	0
21.574	-10.318	0.324769708
22.512	-10.318	0
23.45	-10.318	0
-23.45	-11.256	0.074478931
-22.512	-11.256	0
-21.574	-11.256	0
-20.636	-11.256	0
-19.698	-11.256	0
-18.76	-11.256	0.200902414
-17.822	-11.256	0.078150155
-16.884	-11.256	0.471971472
-15.946	-11.256	0.123635491
-15.008	-11.256	0.202205988
-14.07	-11.256	0
-13.132	-11.256	1.031980829
-12.194	-11.256	1.738812412
-11.256	-11.256	2.685391862
-10.318	-11.256	3.075956712
-9.38	-11.256	2.579935785
-8.442	-11.256	3.461107671
-7.504	-11.256	3.421826245
-6.566	-11.256	4.812046306
-5.628	-11.256	4.812046306
-4.69	-11.256	3.745169041
-3.752	-11.256	4.1682503
-2.814	-11.256	4.195500678
-1.876	-11.256	4.562785776
-0.938	-11.256	4.293654336
0	-11.256	3.794029446
0.938	-11.256	3.677574277
1.876	-11.256	4.366561134
2.814	-11.256	4.466597357
3.752	-11.256	3.894904415
4.69	-11.256	3.966695035
5.628	-11.256	4.046253834
6.566	-11.256	3.185641047
7.504	-11.256	3.827143964
8.442	-11.256	4.150406422
9.38	-11.256	3.693961266
10.318	-11.256	4.154180337
11.256	-11.256	2.850589472
12.194	-11.256	1.870306572
13.132	-11.256	0.816461129
14.07	-11.256	0
15.008	-11.256	0
15.946	-11.256	0.122086691
16.884	-11.256	0
17.822	-11.256	0.344861659
18.76	-11.256	0
19.698	-11.256	0
20.636	-11.256	0.275173622
21.574	-11.256	0
22.512	-11.256	0.259923597
23.45	-11.256	0
-23.45	-12.194	0
-22.512	-12.194	0
-21.574	-12.194	0
-20.636	-12.194	0.047125189
-19.698	-12.194	0.047125189
-18.76	-12.194	0
-17.822	-12.194	0.013976255
-16.884	-12.194	0
-15.946	-12.194	0.32922109
-15.008	-12.194	0
-14.07	-12.194	0.192106269
-13.132	-12.194	0.332408136
-12.194	-12.194	1.120057392
-11.256	-12.194	2.308428009
-10.318	-12.194	2.778686874
-9.38	-12.194	3.315833914
-8.442	-12.194	3.011506474
-7.504	-12.194	3.413644527
-6.566	-12.194	3.55470749
-5.628	-12.194	4.174514651
-4.69	-12.194	4.153582353
-3.752	-12.194	4.446185758
-2.814	-12.194	4.579353942
-1.876	-12.194	4.549090645
-0.938	-12.194	4.048437385
0	-12.194	4.475758043
0.938	-12.194	4.535903948
1.876	-12.194	4.722189337
2.814	-12.194	5.242589962
3.752	-12.194	4.616810777
4.69	-12.194	4.167588189
5.628	-12.194	4.398822009
6.566	-12.194	3.754019744
7.504	-12.194	4.546411901
8.442	-12.194	3.729548439
9.38	-12.194	2.877639978
10.318	-12.194	3.691976548
11.256	-12.194	3.006155055
12.194	-12.194	2.54943565
13.132	-12.194	0.779058919
14.07	-12.194	0.114505894
15.008	-12.194	0
15.946	-12.194	0
16.884	-12.194	0.381908312
17.822	-12.194	0
18.76	-12.194	0
19.698	-12.194	0
20.636	-12.194	0.564882039
21.574	-12.194	0
22.512	-12.194	0
23.45	-12.194	0
-23.45	-13.132	0
-22.512	-13.132	0.132807613
-21.574	-13.132	0
-20.636	-13.132	0
-19.698	-13.132	0
-18.76	-13.132	0.414387582
-17.822	-13.132	0.197976262
-16.884	-13.132	0.142615429
-15.946	-13.132	0.497746224
-15.008	-13.132	0.641287756
-14.07	-13.132	0.250429234
-13.132	-13.132	0.818808088
-12.194	-13.132	1.319789822
-11.256	-13.132	2.530985131
-10.318	-13.132	3.605064677
-9.38	-13.132	3.277749175
-8.442	-13.132	3.181349234
-7.504	-13.132	3.964552651
-6.566	-13.132	3.533149665
-5.628	-13.132	4.3045712
-4.69	-13.132	4.237691385
-3.752	-13.132	4.565692678
-2.814	-13.132	4.736724784
-1.876	-13.132	4.510765906
-0.938	-13.132	4.022808989
0	-13.132	3.535799253
0.938	-13.132	4.027850976
1.876	-13.132	4.294704053
2.814	-13.132	3.801045754
3.752	-13.132	4.079030698
4.69	-13.132	3.644225489
5.628	-13.132	3.572717436
6.566	-13.132	4.104125111
7.504	-13.132	3.981401984
8.442	-13.132	3.862594097
9.38	-13.132	3.71867758
10.318	-13.132	3.316879006
11.256	-13.132	2.815465726
12.194	-13.132	2.54943565
13.132	-13.132	0.790577337
14.07	-13.132	0.015840829
15.008	-13.132	0
15.946	-13.132	0
16.884	-13.132	0.140749348
17.822	-13.132	0
18.76	-13.132	0
19.698	-13.132	0.160886503
20.636	-13.132	0.226029743
21.574	-13.132	0.250222921
22.512	-13.132	0.130058814
23.45	-13.132	0.082833357
-23.45	-14.07	0
-22.512	-14.07	0
-21.574	-14.07	0
-20.636	-14.07	0.211149272
-19.698	-14.07	0.082456548
-18.76	-14.07	0.349628437
-17.822	-14.07	0.031667223
-16.884	-14.07	0.15132447
-15.946	-14.07	0
-15.008	-14.07	0.176418103
-14.07	-14.07	0.265284093
-13.132	-14.07	0.736910053
-12.194	-14.07	1.547926882
-11.256	-14.07	2.095821599
-10.318	-14.07	3.524871141
-9.38	-14.07	3.895174208
-8.442	-14.07	4.03727963
-7.504	-14.07	3.840949228
-6.566	-14.07	4.529298292
-5.628	-14.07	4.495972888
-4.69	-14.07	4.312553278
-3.752	-14.07	3.936312905
-2.814	-14.07	4.425384813
-1.876	-14.07	3.873703046
-0.938	-14.07	3.974369294
0	-14.07	3.510255694
0.938	-14.07	3.464625417
1.876	-14.07	4.00015837
2.814	-14.07	3.857797924
3.752	-14.07	4.59196205
4.69	-14.07	4.550464266
5.628	-14.07	3.234975382
6.566	-14.07	4.49842462
7.504	-14.07	4.18564308
8.442	-14.07	3.720310638
9.38	-14.07	3.054333911
10.318	-14.07	3.301358604
11.256	-14.07	2.410841544
12.194	-14.07	2.18321175
13.132	-14.07	0.858169813
14.07	-14.07	0.254712374
15.008	-14.07	0
15.946	-14.07	0
16.884	-14.07	0.324253071
17.822	-14.07	0
18.76	-14.07	0
19.698	-14.07	0
20.636	-14.07	0.67479492
21.574	-14.07	0.007817293
22.512	-14.07	0.348371412
23.45	-14.07	0.043138774
-23.45	-15.008	0
-22.512	-15.008	0
-21.574	-15.008	0
-20.636	-15.008	0
-19.698	-15.008	0
-18.76	-15.008	0
-17.822	-15.008	0.690427144
-16.884	-15.008	0.395079836
-15.946	-15.008	0.023451175
-15.008	-15.008	0.699248799
-14.07	-15.008	0.539823555
-13.132	-15.008	1.308864459
-12.194	-15.008	1.730334823
-11.256	-15.008	2.670047884
-10.318	-15.008	3.520589811
-9.38	-15.008	3.523707854
-8.442	-15.008	4.019651306
-7.504	-15.008	3.864123559
-6.566	-15.008	4.203365537
-5.628	-15.008	4.244128935
-4.69	-15.008	4.135046063
-3.752	-15.008	4.023599735
-2.814	-15.008	3.940017897
-1.876	-15.008	3.713367582
-0.938	-15.008	3.761699351
0	-15.008	3.539972997
0.938	-15.008	3.774477433
1.876	-15.008	3.575215555
2.814	-15.008	3.554345602
3.752	-15.008	3.877757873
4.69	-15.008	3.54148005
5.628	-15.008	3.323723685
6.566	-15.008	3.720273673
7.504	-15.008	4.10616496
8.442	-15.008	4.66797972
9.38	-15.008	4.046969122
10.318	-15.008	2.992515436
11.256	-15.008	2.492602334
12.194	-15.008	1.579166708
13.132	-15.008	0.578746331
14.07	-15.008	0.220149592
15.008	-15.008	0
15.946	-15.008	0
16.884	-15.008	0
17.822	-15.008	0.332133537
18.76	-15.008	0
19.698	-15.008	0.146729691
20.636	-15.008	0.141930184
21.574	-15.008	0.510323841
22.512	-15.008	0.115767164
23.45	-15.008	0.110361544
-23.45	-15.946	0
-22.512	-15.946	0
-21.574	-15.946	0.237414254
-20.636	-15.946	0
-19.698	-15.946	0.214125636
-18.76	-15.946	0
-17.822	-15.946	0.088180268
-16.884	-15.946	0
-15.946	-15.946	0
-15.008	-15.946	0
-14.07	-15.946	0.518723776
-13.132	-15.946	0.618433657
-12.194	-15.946	2.010491265
-11.256	-15.946	2.469274115
-10.318	-15.946	3.032469583
-9.38	-15.946	3.663110087
-8.442	-15.946	4.591258179
-7.504	-15.946	4.227552747
-6.566	-15.946	3.934431444
-5.628	-15.946	4.536140001
-4.69	-15.946	3.719278618
-3.752	-15.946	3.244685798
-2.814	-15.946	3.004232639
-1.876	-15.946	3.377772284
-0.938	-15.946	3.355634683
0	-15.946	3.114497981
0.938	-15.946	2.611043325
1.876	-15.946	2.915260973
2.814	-15.946	3.506649163
3.752	-15.946	3.53257218
4.69	-15.946	3.696301422
5.628	-15.946	3.323723685
6.566	-15.946	2.642103862
7.504	-15.946	2.749453771
8.442	-15.946	3.704793632
9.38	-15.946	3.693417564
10.318	-15.946	2.809898371
11.256	-15.946	2.041340938
12.194	-15.946	1.524397687
13.132	-15.946	0.846788224
14.07	-15.946	0.225562942
15.008	-15.946	0.182666983
15.946	-15.946	0.181171425
16.884	-15.946	0.35129906
17.822	-15.946	0
18.76	-15.946	0.154251526
19.698	-15.946	0
20.636	-15.946	0.163637337
21.574	-15.946	0
22.512	-15.946	0
23.45	-15.946	0
-23.45	-16.884	0
-22.512	-16.884	0
-21.574	-16.884	0
-20.636	-16.884	0.315109456
-19.698	-16.884	0.339419289
-18.76	-16.884	0
-17.822	-16.884	0
-16.884	-16.884	0.545662972
-15.946	-16.884	0.109997672
-15.008	-16.884	0.305801879
-14.07	-16.884	0.32261023
-13.132	-16.884	0.643074108
-12.194	-16.884	1.293112254
-11.256	-16.884	1.897923029
-10.318	-16.884	3.424822569
-9.38	-16.884	4.076189323
-8.442	-16.884	3.713653927
-7.504	-16.884	2.880828239
-6.566	-16.884	3.234619903
-5.628	-16.884	3.305781558
-4.69	-16.884	3.680463483
-3.752	-16.884	2.807825462
-2.814	-16.884	3.159022562
-1.876	-16.884	3.25272551
-0.938	-16.884	3.200017726
0	-16.884	3.082954686
0.938	-16.884	2.696785882
1.876	-16.884	2.484959906
2.814	-16.884	2.596046255
3.752	-16.884	3.323402964
4.69	-16.884	2.731855028
5.628	-16.884	3.259358285
6.566	-16.884	2.007245837
7.504	-16.884	2.5924146
8.442	-16.884	2.365879107
9.38	-16.884	3.252384969
10.318	-16.884	3.252384969
11.256	-16.884	2.512794262
12.194	-16.884	1.733649502
13.132	-16.884	0.660924962
14.07	-16.884	0.047295252
15.008	-16.884	0
15.946	-16.884	0
16.884	-16.884	0
17.822	-16.884	0
18.76	-16.884	0
19.698	-16.884	0.25547091
20.636	-16.884	0.628661723
21.574	-16.884	0.272181976
22.512	-16.884	0.04128522
23.45	-16.884	0.371324713
-23.45	-17.822	0
-22.512	-17.822	0
-21.574	-17.822	0.044578777
-20.636	-17.822	0.030767999
-19.698	-17.822	0
-18.76	-17.822	0.069480176
-17.822	-17.822	0.080373707
-16.884	-17.822	0.01059896
-15.946	-17.822	0.240371341
-15.008	-17.822	0.459502868
-14.07	-17.822	0.110851461
-13.132	-17.822	0.239015497
-12.194	-17.822	0.854102775
-11.256	-17.822	1.431833315
-10.318	-17.822	2.985731149
-9.38	-17.822	3.105396753
-8.442	-17.822	3.4709985
-7.504	-17.822	2.465990003
-6.566	-17.822	2.536770598
-5.628	-17.822	2.914219574
-4.69	-17.822	2.632886369
-3.752	-17.822	2.632886369
-2.814	-17.822	2.86392176
-1.876	-17.822	2.821952125
-0.938	-17.822	1.704472877
0	-17.822	2.335558197
0.938	-17.822	1.904906595
1.876	-17.822	1.708440086
2.814	-17.822	1.938565706
3.752	-17.822	1.937274525
4.69	-17.822	2.681189725
5.628	-17.822	2.736081866
6.566	-17.822	1.533398702
7.504	-17.822	1.102710174
8.442	-17.822	2.181959593
9.38	-17.822	2.270283589
10.318	-17.822	1.921218167
11.256	-17.822	2.079630727
12.194	-17.822	1.132334822
13.132	-17.822	0.857782181
14.07	-17.822	0
15.008	-17.822	0.024573192
15.946	-17.822	0
16.884	-17.822	0.407993859
17.822	-17.822	0.04776586
18.76	-17.822	0.289668437
19.698	-17.822	0.597643157
20.636	-17.822	0
21.574	-17.822	0.126947644
22.512	-17.822	0.230969149
23.45	-17.822	0
-23.45	-18.76	0
-22.512	-18.76	0.42564656
-21.574	-18.76	0.02769629
-20.636	-18.76	0.081279603
-19.698	-18.76	0
-18.76	-18.76	0.176583848
-17.822	-18.76	0.518072995
-16.884	-18.76	0.518072995
-15.946	-18.76	0
-15.008	-18.76	0
-14.07	-18.76	0.759668478
-13.132	-18.76	0.595150227
-12.194	-18.76	0.723861179
-11.256	-18.76	0.588549309
-10.318	-18.76	1.511986055
-9.38	-18.76	1.748650509
-8.442	-18.76	2.546863177
-7.504	-18.76	2.578543851
-6.566	-18.76	2.533306719
-5.628	-18.76	2.538021047
-4.69	-18.76	2.547293797
-3.752	-18.76	2.409143382
-2.814	-18.76	2.179689909
-1.876	-18.76	1.900503673
-0.938	-18.76	1.704472877
0	-18.76	1.801593921
0.938	-18.76	1.579759238
1.876	-18.76	1.433904283
2.814	-18.76	1.553456741
3.752	-18.76	1.909428795
4.69	-18.76	2.265602927
5.628	-18.76	1.782397387
6.566	-18.76	1.472017139
7.504	-18.76	1.593241658
8.442	-18.76	1.455182002
9.38	-18.76	1.523134994
10.318	-18.76	2.029008945
11.256	-18.76	1.882451498
12.194	-18.76	0.89612397
13.132	-18.76	0.542456722
14.07	-18.76	0.37767365
15.008	-18.76	0
15.946	-18.76	0
16.884	-18.76	0
17.822	-18.76	0
18.76	-18.76	0
19.698	-18.76	0
20.636	-18.76	0
21.574	-18.76	0.015155948
22.512	-18.76	0.037741294
23.45	-18.76	0.259126728
-23.45	-19.698	0
-22.512	-19.698	0
-21.574	-19.698	0
-20.636	-19.698	0.290675787
-19.698	-19.698	0
-18.76	-19.698	0.074284724
-17.822	-19.698	0.011981935
-16.884	-19.698	0.138708786
-15.946	-19.698	0.663789438
-15.008	-19.698	0.342612996
-14.07	-19.698	0.071666686
-13.132	-19.698	0.200523399
-12.194	-19.698	0.535276694
-11.256	-19.698	1.09443403
-10.318	-19.698	1.278041226
-9.38	-19.698	1.686436761
-8.442	-19.698	2.723108771
-7.504	-19.698	2.03508117
-6.566	-19.698	2.917348439
-5.628	-19.698	2.130576412
-4.69	-19.698	2.164276585
-3.752	-19.698	2.440694677
-2.814	-19.698	2.042993392
-1.876	-19.698	1.617891993
-0.938	-19.698	1.61833552
0	-19.698	1.65569051
0.938	-19.698	1.21307623
1.876	-19.698	0.95004976
2.814	-19.698	1.407363368
3.752	-19.698	1.601563789
4.69	-19.698	1.722557964
5.628	-19.698	1.522539419
6.566	-19.698	0.727655587
7.504	-19.698	0.95904933
8.442	-19.698	1.510991638
9.38	-19.698	1.732489706
10.318	-19.698	1.439551033
11.256	-19.698	1.461710671
12.194	-19.698	1.24581869
13.132	-19.698	0.210687317
14.07	-19.698	0.216603234
15.008	-19.698	0.239269884
15.946	-19.698	0
16.884	-19.698	0
17.822	-19.698	0
18.76	-19.698	0
19.698	-19.698	0.078857917
20.636	-19.698	0
21.574	-19.698	0.103033486
22.512	-19.698	0
23.45	-19.698	0
-23.45	-20.636	0
-22.512	-20.636	0
-21.574	-20.636	0
-20.636	-20.636	0.036113902
-19.698	-20.636	0
-18.76	-20.636	0
-17.822	-20.636	0
-16.884	-20.636	0.400087033
-15.946	-20.636	0.478202227
-15.008	-20.636	0.605490093
-14.07	-20.636	0.69191742
-13.132	-20.636	0.203663654
-12.194	-20.636	0.468849373
-11.256	-20.636	0.349973273
-10.318	-20.636	1.122859919
-9.38	-20.636	0.78272337
-8.442	-20.636	1.902927478
-7.504	-20.636	2.03508117
-6.566	-20.636	1.693830665
-5.628	-20.636	1.851844605
-4.69	-20.636	1.565674219
-3.752	-20.636	2.070612045
-2.814	-20.636	1.274928318
-1.876	-20.636	1.27822251
-0.938	-20.636	1.157426127
0	-20.636	0.957650255
0.938	-20.636	1.084209979
1.876	-20.636	1.027350671
2.814	-20.636	0.649987536
3.752	-20.636	0.807044798
4.69	-20.636	1.061270833
5.628	-20.636	1.215088874
6.566	-20.636	0.961114499
7.504	-20.636	0.893871914
8.442	-20.636	0.729953609
9.38	-20.636	0.75508238
10.318	-20.636	1.13586269
11.256	-20.636	0.648882302
12.194	-20.636	0.888106326
13.132	-20.636	0
14.07	-20.636	0.104763437
15.008	-20.636	0.022813486
15.946	-20.636	0
16.884	-20.636	0
17.822	-20.636	0.02048498
18.76	-20.636	0
19.698	-20.636	0.165244222
20.636	-20.636	0
21.574	-20.636	0.181185242
22.512	-20.636	0
23.45	-20.636	0.241835775
-23.45	-21.574	0.05862504
-22.512	-21.574	0
-21.574	-21.574	0
-20.636	-21.574	0.048052501
-19.698	-21.574	0.519893918
-18.76	-21.574	0
-17.822	-21.574	0
-16.884	-21.574	0.151802395
-15.946	-21.574	0.111645824
-15.008	-21.574	0.138288332
-14.07	-21.574	0.050409246
-13.132	-21.574	0.768455667
-12.194	-21.574	0.391652271
-11.256	-21.574	0.642296428
-10.318	-21.574	0.892608487
-9.38	-21.574	1.199877852
-8.442	-21.574	1.483240605
-7.504	-21.574	1.088061785
-6.566	-21.574	1.12068823
-5.628	-21.574	1.469536569
-4.69	-21.574	0.615830873
-3.752	-21.574	1.25970015
-2.814	-21.574	1.216814059
-1.876	-21.574	1.592012143
-0.938	-21.574	1.120322575
0	-21.574	0.854050415
0.938	-21.574	0.502447713
1.876	-21.574	0.518448233
2.814	-21.574	0.35447889
3.752	-21.574	0.800198677
4.69	-21.574	0.707115635
5.628	-21.574	0.280706935
6.566	-21.574	0.443626501
7.504	-21.574	0.365526298
8.442	-21.574	0.385665948
9.38	-21.574	0.433638399
10.318	-21.574	0.696627991
11.256	-21.574	0.442444988
12.194	-21.574	0.005305287
13.132	-21.574	0
14.07	-21.574	0.004383198
15.008	-21.574	0
15.946	-21.574	0
16.884	-21.574	0.457477159
17.822	-21.574	0
18.76	-21.574	0.109144824
19.698	-21.574	0
20.636	-21.574	0
21.574	-21.574	0.32328703
22.512	-21.574	0
23.45	-21.574	0
-23.45	-22.512	0
-22.512	-22.512	0
-21.574	-22.512	0
-20.636	-22.512	0.066699684
-19.698	-22.512	0
-18.76	-22.512	0
-17.822	-22.512	0
-16.884	-22.512	0.350803812
-15.946	-22.512	0.036657339
-15.008	-22.512	0.606022492
-14.07	-22.512	0.46221303
-13.132	-22.512	0
-12.194	-22.512	0.281305138
-11.256	-22.512	0.213820918
-10.318	-22.512	0.537112656
-9.38	-22.512	0.723624495
-8.442	-22.512	0.40417952
-7.504	-22.512	0.862214726
-6.566	-22.512	0.318136269
-5.628	-22.512	0.359558548
-4.69	-22.512	0.747990488
-3.752	-22.512	0.707497594
-2.814	-22.512	0.823814242
-1.876	-22.512	0.587017316
-0.938	-22.512	0.434211004
0	-22.512	0
0.938	-22.512	0.668201607
1.876	-22.512	0.327889512
2.814	-22.512	0.261382375
3.752	-22.512	0.786234536
4.69	-22.512	0.191141938
5.628	-22.512	0.324756354
6.566	-22.512	0.591048334
7.504	-22.512	0.42996042
8.442	-22.512	0.228418408
9.38	-22.512	0
10.318	-22.512	0.261059664
11.256	-22.512	0
12.194	-22.512	0.046176668
13.132	-22.512	0
14.07	-22.512	0
15.008	-22.512	0
15.946	-22.512	0
16.884	-22.512	0
17.822	-22.512	0
18.76	-22.512	0
19.698	-22.512	0
20.636	-22.512	0.212252023
21.574	-22.512	0
22.512	-22.512	0
23.45	-22.512	0
-23.45	-23.45	0
-22.512	-23.45	0.114978379
-21.574	-23.45	0
-20.636	-23.45	0
-19.698	-23.45	0
-18.76	-23.45	0
-17.822	-23.45	0
-16.884	-23.45	0
-15.946	-23.45	0.213015813
-15.008	-23.45	0.173953163
-14.07	-23.45	0.46221303
-13.132	-23.45	0.444530441
-12.194	-23.45	0
-11.256	-23.45	0.350332913
-10.318	-23.45	0.242052318
-9.38	-23.45	0.228597447
-8.442	-23.45	0.13088591
-7.504	-23.45	0.30951373
-6.566	-23.45	0
-5.628	-23.45	0.137112345
-4.69	-23.45	0.572688717
-3.752	-23.45	0.716955012
-2.814	-23.45	0.055851251
-1.876	-23.45	0
-0.938	-23.45	0.057903309
0	-23.45	0.26167209
0.938	-23.45	0.327850602
1.876	-23.45	0.165326474
2.814	-23.45	0.384534538
3.752	-23.45	0.130807227
4.69	-23.45	0.252710663
5.628	-23.45	0
6.566	-23.45	0.056677772
7.504	-23.45	0
8.442	-23.45	0
9.38	-23.45	0.09085439
10.318	-23.45	0.079100582
11.256	-23.45	0.134319757
12.194	-23.45	0.134319757
13.132	-23.45	0
14.07	-23.45	0.05283637
15.008	-23.45	0
15.946	-23.45	0.198453988
16.884	-23.45	0
17.822	-23.45	0
18.76	-23.45	0
19.698	-23.45	0
20.636	-23.45	0
21.574	-23.45	0
22.512	-23.45	0
23.45	-23.45	0.112611381
-23.45	-24.388	0.164652559
-22.512	-24.388	0
-21.574	-24.388	0
-20.636	-24.388	0
-19.698	-24.388	0
-18.76	-24.388	0
-17.822	-24.388	0
-16.884	-24.388	0.704841618
-15.946	-24.388	0.005433565
-15.008	-24.388	0.169255729
-14.07	-24.388	0.18563445
-13.132	-24.388	0.02765841
-12.194	-24.388	0.223599492
-11.256	-24.388	0.547514718
-10.318	-24.388	0.064321612
-9.38	-24.388	0
-8.442	-24.388	0
-7.504	-24.388	0
-6.566	-24.388	0
-5.628	-24.388	0.069836055
-4.69	-24.388	0
-3.752	-24.388	0
-2.814	-24.388	0.080475866
-1.876	-24.388	0.126420225
-0.938	-24.388	0.126420225
0	-24.388	0.147344916
0.938	-24.388	0.622288463
1.876	-24.388	0.544283501
2.814	-24.388	0.113517258
3.752	-24.388	0.755137724
4.69	-24.388	0.428183476
5.628	-24.388	0
6.566	-24.388	0
7.504	-24.388	0.498610676
8.442	-24.388	0.487955266
9.38	-24.388	0
10.318	-24.388	0
11.256	-24.388	0.052622752
12.194	-24.388	0.174150006
13.132	-24.388	0
14.07	-24.388	0.090922475
15.008	-24.388	0
15.946	-24.388	0
16.884	-24.388	0
17.822	-24.388	0
18.76	-24.388	0.059385697
19.698	-24.388	0
20.636	-24.388	0
21.574	-24.388	0
22.512	-24.388	0
23.45	-24.388	0.037657466
-23.45	-25.326	0
-22.512	-25.326	0
-21.574	-25.326	0.159474052
-20.636	-25.326	0.088910855
-19.698	-25.326	0
-18.76	-25.326	0
-17.822	-25.326	0.053772671
-16.884	-25.326	0.019999475
-15.946	-25.326	0.278084249
-15.008	-25.326	0
-14.07	-25.326	0
-13.132	-25.326	0.030328626
-12.194	-25.326	0.240716616
-11.256	-25.326	0.452903642
-10.318	-25.326	0.59464631
-9.38	-25.326	0.125501101
-8.442	-25.326	0
-7.504	-25.326	0
-6.566	-25.326	0.183391386
-5.628	-25.326	0.164693091
-4.69	-25.326	0
-3.752	-25.326	0.109207359
-2.814	-25.326	0
-1.876	-25.326	0
-0.938	-25.326	0.289465532
0	-25.326	0.128245703
0.938	-25.326	0.506668094
1.876	-25.326	0.224105613
2.814	-25.326	0.197103785
3.752	-25.326	0.342906923
4.69	-25.326	0.535747169
5.628	-25.326	0.336342319
6.566	-25.326	0.351587428
7.504	-25.326	0
8.442	-25.326	0.181013382
9.38	-25.326	0.16519293
10.318	-25.326	0.254717767
11.256	-25.326	0.299159682
12.194	-25.326	0
13.132	-25.326	0.168799589
14.07	-25.326	0.38905028
15.008	-25.326	0.041239149
15.946	-25.326	0.276252786
16.884	-25.326	0
17.822	-25.326	0.159449768
18.76	-25.326	0.141808783
19.698	-25.326	0
20.636	-25.326	0
21.574	-25.326	0
22.512	-25.326	0.075686991
23.45	-25.326	0.433466094
-23.45	-26.264	0
-22.512	-26.264	0
-21.574	-26.264	0
-20.636	-26.264	0
-19.698	-26.264	0
-18.76	-26.264	0
-17.822	-26.264	0
-16.884	-26.264	0
-15.946	-26.264	0
-15.008	-26.264	0
-14.07	-26.264	0.195132869
-13.132	-26.264	0.188527905
-12.194	-26.264	0
-11.256	-26.264	0.302372783
-10.318	-26.264	0.63877508
-9.38	-26.264	0.135177374
-8.442	-26.264	0.21952118
-7.504	-26.264	0
-6.566	-26.264	0.22860172
-5.628	-26.264	0.348018728
-4.69	-26.264	0.143172307
-3.752	-26.264	0.39871799
-2.814	-26.264	0.32287004
-1.876	-26.264	0.258568887
-0.938	-26.264	0
0	-26.264	0.491556838
0.938	-26.264	0.667029378
1.876	-26.264	0.150491519
2.814	-26.264	0.260388233
3.752	-26.264	0.271415402
4.69	-26.264	0.275434805
5.628	-26.264	0.354914267
6.566	-26.264	0.020925891
7.504	-26.264	0.046856973
8.442	-26.264	0.189174461
9.38	-26.264	0.19077588
10.318	-26.264	0.323043443
11.256	-26.264	0.419007004
12.194	-26.264	0.304854504
13.132	-26.264	0.123412262
14.07	-26.264	0.512771989
15.008	-26.264	0.53199617
15.946	-26.264	0.092582408
16.884	-26.264	0
17.822	-26.264	0
18.76	-26.264	0
19.698	-26.264	0.03781975
20.636	-26.264	0
21.574	-26.264	0.006144177
22.512	-26.264	0
23.45	-26.264	0
-23.45	-27.202	0
-22.512	-27.202	0
-21.574	-27.202	0
-20.636	-27.202	0.104006683
-19.698	-27.202	0.142203354
-18.76	-27.202	0
-17.822	-27.202	0.428778162
-16.884	-27.202	0
-15.946	-27.202	0
-15.008	-27.202	0
-14.07	-27.202	0.072121847
-13.132	-27.202	0.031993541
-12.194	-27.202	0.282692226
-11.256	-27.202	0.369334346
-10.318	-27.202	0
-9.38	-27.202	0.176807882
-8.442	-27.202	0
-7.504	-27.202	0
-6.566	-27.202	0.426571426
-5.628	-27.202	0
-4.69	-27.202	0
-3.752	-27.202	0.180606256
-2.814	-27.202	0.355240452
-1.876	-27.202	0.016523821
-0.938	-27.202	0.143026719
0	-27.202	0
0.938	-27.202	0.537846858
1.876	-27.202	0.234191451
2.814	-27.202	0
3.752	-27.202	0.351668712
4.69	-27.202	0.284431619
5.628	-27.202	0.877906963
6.566	-27.202	0.40787883
7.504	-27.202	0
8.442	-27.202	0
9.38	-27.202	0
10.318	-27.202	0
11.256	-27.202	0
12.194	-27.202	0.195226476
13.132	-27.202	0.123412262
14.07	-27.202	0.198300673
15.008	-27.202	0
15.946	-27.202	0.001284191
16.884	-27.202	0
17.822	-27.202	0.014356479
18.76	-27.202	0.033881472
19.698	-27.202	0
20.636	-27.202	0.401307178
21.574	-27.202	0
22.512	-27.202	0.002707377
23.45	-27.202	0.353473766
-23.45	-28.14	0.182338575
-22.512	-28.14	0
-21.574	-28.14	0
-20.636	-28.14	0
-19.698	-28.14	0
-18.76	-28.14	0
-17.822	-28.14	0
-16.884	-28.14	0
-15.946	-28.14	0
-15.008	-28.14	0
-14.07	-28.14	0.138718382
-13.132	-28.14	0
-12.194	-28.14	0
-11.256	-28.14	0.165234776
-10.318	-28.14	0.127693225
-9.38	-28.14	0.127526256
-8.442	-28.14	0.136471372
-7.504	-28.14	0.097116018
-6.566	-28.14	0.064424179
-5.628	-28.14	0.167973447
-4.69	-28.14	0
-3.752	-28.14	0.621859113
-2.814	-28.14	0.012071836
-1.876	-28.14	0.158673125
-0.938	-28.14	0.012210552
0	-28.14	0.202802425
0.938	-28.14	0.223916696
1.876	-28.14	0.617216279
2.814	-28.14	0.261535976
3.752	-28.14	0.432544101
4.69	-28.14	0
5.628	-28.14	0.697109345
6.566	-28.14	0.793290602
7.504	-28.14	0.201143833
8.442	-28.14	0.135176051
9.38	-28.14	0
10.318	-28.14	0.328013973
11.256	-28.14	0.394085546
12.194	-28.14	0.052252734
13.132	-28.14	0.214693068
14.07	-28.14	0.336816863
15.008	-28.14	0.213019118
15.946	-28.14	0.171891291
16.884	-28.14	0.371513049
17.822	-28.14	0.280451598
18.76	-28.14	0.178107731
19.698	-28.14	0
20.636	-28.14	0
21.574	-28.14	0.092004907
22.512	-28.14	0
23.45	-28.14	0
-23.45	-29.078	0
-22.512	-29.078	0
-21.574	-29.078	0.001390977
-20.636	-29.078	0
-19.698	-29.078	0
-18.76	-29.078	0
-17.822	-29.078	0
-16.884	-29.078	0
-15.946	-29.078	0
-15.008	-29.078	0
-14.07	-29.078	0
-13.132	-29.078	0.262018473
-12.194	-29.078	0.136786043
-11.256	-29.078	0.085581536
-10.318	-29.078	0
-9.38	-29.078	0
-8.442	-29.078	0.215858706
-7.504	-29.078	0.015555621
-6.566	-29.078	0.070279354
-5.628	-29.078	0.197128141
-4.69	-29.078	0.154137793
-3.752	-29.078	0.132560296
-2.814	-29.078	0.721983972
-1.876	-29.078	0.200297964
-0.938	-29.078	0.011927698
0	-29.078	0.360059254
0.938	-29.078	0.089178284
1.876	-29.078	0.697598759
2.814	-29.078	0.154216793
3.752	-29.078	0.2770605
4.69	-29.078	0.98448604
5.628	-29.078	0.178226912
6.566	-29.078	0.793290602
7.504	-29.078	0.131299418
8.442	-29.078	0.392968163
9.38	-29.078	0.08794319
10.318	-29.078	0.049542943
11.256	-29.078	0.392151039
12.194	-29.078	0.173685659
13.132	-29.078	0
14.07	-29.078	0.23090346
15.008	-29.078	0.112776628
15.946	-29.078	0
16.884	-29.078	0.013125169
17.822	-29.078	0.143144235
18.76	-29.078	0
19.698	-29.078	0
20.636	-29.078	0.057141844
21.574	-29.078	0
22.512	-29.078	0
23.45	-29.078	0
-23.45	-30.016	0
-22.512	-30.016	0
-21.574	-30.016	0
-20.636	-30.016	0
-19.698	-30.016	0
-18.76	-30.016	0
-17.822	-30.016	0
-16.884	-30.016	0
-15.946	-30.016	0
-15.008	-30.016	0
-14.07	-30.016	0
-13.132	-30.016	0
-12.194	-30.016	0.024420798
-11.256	-30.016	0
-10.318	-30.016	0.055550103
-9.38	-30.016	0
-8.442	-30.016	0.04519502
-7.504	-30.016	0.290358944
-6.566	-30.016	0.03702147
-5.628	-30.016	0.195090309
-4.69	-30.016	0.383215815
-3.752	-30.016	0
-2.814	-30.016	0.174449119
-1.876	-30.016	0.080761267
-0.938	-30.016	0
0	-30.016	0
0.938	-30.016	0.372957996
1.876	-30.016	0
2.814	-30.016	0.094672649
3.752	-30.016	0.505045863
4.69	-30.016	0.459779055
5.628	-30.016	0
6.566	-30.016	0.297232293
7.504	-30.016	0
8.442	-30.016	0.16278093
9.38	-30.016	0.002325299
10.318	-30.016	0
11.256	-30.016	0
12.194	-30.016	0
13.132	-30.016	0.028521284
14.07	-30.016	0
15.008	-30.016	0
15.946	-30.016	0.141381835
16.884	-30.016	0.292447304
17.822	-30.016	0
18.76	-30.016	0.124494717
19.698	-30.016	0
20.636	-30.016	0
21.574	-30.016	0.014551375
22.512	-30.016	0
23.45	-30.016	0
-23.45	-30.954	0
-22.512	-30.954	0
-21.574	-30.954	0
-20.636	-30.954	0
-19.698	-30.954	0.106864521
-18.76	-30.954	0
-17.822	-30.954	0
-16.884	-30.954	0
-15.946	-30.954	0
-15.008	-30.954	0
-14.07	-30.954	0
-13.132	-30.954	0.075177998
-12.194	-30.954	0
-11.256	-30.954	0.002822462
-10.318	-30.954	0
-9.38	-30.954	0.012241906
-8.442	-30.954	0.20882817
-7.504	-30.954	0
-6.566	-30.954	0
-5.628	-30.954	0.137838717
-4.69	-30.954	0
-3.752	-30.954	0
-2.814	-30.954	0
-1.876	-30.954	0.361912737
-0.938	-30.954	0.309250475
0	-30.954	0.798489548
0.938	-30.954	0.054682118
1.876	-30.954	0.054682118
2.814	-30.954	0
3.752	-30.954	0
4.69	-30.954	0
5.628	-30.954	0.569690345
6.566	-30.954	0
7.504	-30.954	0.008798385
8.442	-30.954	0
9.38	-30.954	0
10.318	-30.954	0.114556392
11.256	-30.954	0.362535051
12.194	-30.954	0.02346753
13.132	-30.954	0
14.07	-30.954	0
15.008	-30.954	0
15.946	-30.954	0
16.884	-30.954	0
17.822	-30.954	0
18.76	-30.954	0.585204306
19.698	-30.954	0
20.636	-30.954	0
21.574	-30.954	0.079883022
22.512	-30.954	0.077866493
23.45	-30.954	0.250999248
-23.45	-31.892	0
-22.512	-31.892	0.049491017
-21.574	-31.892	0
-20.636	-31.892	0.227534181
-19.698	-31.892	0
-18.76	-31.892	0.121950675
-17.822	-31.892	0
-16.884	-31.892	0.200905363
-15.946	-31.892	0
-15.008	-31.892	0
-14.07	-31.892	0
-13.132	-31.892	0.092596495
-12.194	-31.892	0.092596495
-11.256	-31.892	0.190211772
-10.318	-31.892	0
-9.38	-31.892	0
-8.442	-31.892	0.095895669
-7.504	-31.892	0.410175792
-6.566	-31.892	0.338788424
-5.628	-31.892	0.027414008
-4.69	-31.892	0
-3.752	-31.892	0
-2.814	-31.892	0.292679837
-1.876	-31.892	0.287366608
-0.938	-31.892	0.120624292
0	-31.892	0.163601878
0.938	-31.892	0.352518806
1.876	-31.892	0.320520739
2.814	-31.892	0
3.752	-31.892	0.334683672
4.69	-31.892	0.183072385
5.628	-31.892	0
6.566	-31.892	0
7.504	-31.892	0
8.442	-31.892	0
9.38	-31.892	0
10.318	-31.892	0.2104542
11.256	-31.892	0.038284765
12.194	-31.892	0
13.132	-31.892	0.043934749
14.07	-31.892	0
15.008	-31.892	0
15.946	-31.892	0
16.884	-31.892	0.240204894
17.822	-31.892	0
18.76	-31.892	0
19.698	-31.892	0
20.636	-31.892	0.388287285
21.574	-31.892	0.147767773
22.512	-31.892	0.449665157
23.45	-31.892	0.340171788
-23.45	-32.83	0
-22.512	-32.83	0
-21.574	-32.83	0
-20.636	-32.83	0
-19.698	-32.83	0
-18.76	-32.83	0
-17.822	-32.83	0
-16.884	-32.83	0.008876873
-15.946	-32.83	0
-15.008	-32.83	0
-14.07	-32.83	0
-13.132	-32.83	0
-12.194	-32.83	0
-11.256	-32.83	0
-10.318	-32.83	0.021087775
-9.38	-32.83	0
-8.442	-32.83	0.397142363
-7.504	-32.83	0.438718094
-6.566	-32.83	0.083333425
-5.628	-32.83	0.179273728
-4.69	-32.83	0
-3.752	-32.83	0.08906598
-2.814	-32.83	0
-1.876	-32.83	0
-0.938	-32.83	0
0	-32.83	0
0.938	-32.83	0.72357227
1.876	-32.83	0.165934846
2.814	-32.83	0.481258933
3.752	-32.83	0
4.69	-32.83	0.258541663
5.628	-32.83	0.325968024
6.566	-32.83	0
7.504	-32.83	0.317327209
8.442	-32.83	0.237746532
9.38	-32.83	0
10.318	-32.83	0
11.256	-32.83	0
12.194	-32.83	0.176390666
13.132	-32.83	0
14.07	-32.83	0.167096326
15.008	-32.83	0
15.946	-32.83	0.166636579
16.884	-32.83	0
17.822	-32.83	0
18.76	-32.83	0.136740396
19.698	-32.83	0.257767351
20.636	-32.83	0
21.574	-32.83	0.111105485
22.512	-32.83	0
23.45	-32.83	0
-23.45	-33.768	0
-22.512	-33.768	0
-21.574	-33.768	0
-20.636	-33.768	0
-19.698	-33.768	0
-18.76	-33.768	0
-17.822	-33.768	0
-16.884	-33.768	0
-15.946	-33.768	0
-15.008	-33.768	0
-14.07	-33.768	0
-13.132	-33.768	0
-12.194	-33.768	0
-11.256	-33.768	0.231841195
-10.318	-33.768	0.087133116
-9.38	-33.768	0
-8.442	-33.768	0
-7.504	-33.768	0.475678013
-6.566	-33.768	0
-5.628	-33.768	0.064657067
-4.69	-33.768	0.163222303
-3.752	-33.768	0.621326451
-2.814	-33.768	0.033657579
-1.876	-33.768	0.134904866
-0.938	-33.768	0
0	-33.768	0
0.938	-33.768	0.622564144
1.876	-33.768	0
2.814	-33.768	0.23189284
3.752	-33.768	0.501587375
4.69	-33.768	0
5.628	-33.768	0.221499872
6.566	-33.768	0.383862204
7.504	-33.768	0
8.442	-33.768	0.049888455
9.38	-33.768	0
10.318	-33.768	0
11.256	-33.768	0
12.194	-33.768	0.039596867
13.132	-33.768	0.146725972
14.07	-33.768	0.267496153
15.008	-33.768	0.226363229
15.946	-33.768	0
16.884	-33.768	0
17.822	-33.768	0.113916409
18.76	-33.768	0.292209435
19.698	-33.768	0.143468831
20.636	-33.768	0
21.574	-33.768	0
22.512	-33.768	0
23.45	-33.768	0.009498981
